index, date, isRise20Pct, isRise40Pct, refMax, refMin, v_scale
1, 03/06/2012, 0, 0, 21147.0, 20855.0, 1.62222222222
2, 03/07/2012, 0, 0, 20674.0, 20503.0, 0.95
3, 03/08/2012, 1, 1, 20760.0, 20609.0, 0.838888888889
4, 03/09/2012, 0, 0, 21159.0, 20825.0, 1.85555555556
5, 03/12/2012, 1, 1, 21127.0, 20872.0, 1.41666666667
6, 03/13/2012, 0, 0, 21413.0, 21258.0, 0.861111111111
7, 03/14/2012, 0, 0, 21671.0, 21370.0, 1.67222222222
8, 03/15/2012, 0, 0, 21383.0, 21183.0, 1.11111111111
9, 03/16/2012, 0, 0, 21472.0, 21282.0, 1.05555555556
10, 03/19/2012, 0, 0, 21488.0, 21296.0, 1.06666666667
11, 03/20/2012, 0, 0, 21147.0, 20846.0, 1.67222222222
12, 03/21/2012, 0, 0, 21025.0, 20760.0, 1.47222222222
13, 03/22/2012, 0, 0, 20982.0, 20808.0, 0.966666666667
14, 03/23/2012, 0, 0, 20782.0, 20601.0, 1.00555555556
15, 03/26/2012, 0, 0, 20761.0, 20580.0, 1.00555555556
16, 03/27/2012, 1, 1, 21066.0, 20939.0, 0.705555555556
17, 03/28/2012, 1, 0, 21056.0, 20819.0, 1.31666666667
18, 03/29/2012, 0, 0, 20688.0, 20589.0, 0.55
19, 03/30/2012, 0, 0, 20530.0, 20400.0, 0.722222222222
20, 04/02/2012, 0, 0, 20647.0, 20403.0, 1.35555555556
21, 04/03/2012, 1, 1, 20680.0, 20555.0, 0.694444444444
22, 04/05/2012, 0, 0, 20659.0, 20384.0, 1.52777777778
23, 04/10/2012, 0, 0, 20448.0, 20278.0, 0.944444444444
24, 04/11/2012, 0, 0, 20131.0, 20019.0, 0.622222222222
25, 04/12/2012, 1, 1, 20305.0, 20094.0, 1.17222222222
26, 04/13/2012, 1, 1, 20705.0, 20580.0, 0.694444444444
27, 04/16/2012, 0, 0, 20620.0, 20487.0, 0.738888888889
28, 04/17/2012, 1, 0, 20649.0, 20379.0, 1.5
29, 04/18/2012, 0, 0, 20868.0, 20735.0, 0.738888888889
30, 04/19/2012, 1, 0, 20966.0, 20743.0, 1.23888888889
31, 04/20/2012, 0, 0, 21092.0, 20896.0, 1.08888888889
32, 04/23/2012, 0, 0, 20989.0, 20774.0, 1.19444444444
33, 04/24/2012, 0, 0, 20784.0, 20524.0, 1.44444444444
34, 04/25/2012, 1, 0, 20770.0, 20575.0, 1.08333333333
35, 04/26/2012, 1, 1, 20820.0, 20653.0, 0.927777777778
36, 04/27/2012, 0, 0, 20957.0, 20839.0, 0.655555555556
37, 04/30/2012, 1, 0, 20950.0, 20698.0, 1.4
38, 05/02/2012, 0, 0, 21244.0, 21053.0, 1.06111111111
39, 05/03/2012, 0, 0, 21170.0, 21012.0, 0.877777777778
40, 05/04/2012, 0, 0, 21027.0, 20914.0, 0.627777777778
41, 05/07/2012, 0, 0, 20542.0, 20305.0, 1.31666666667
42, 05/08/2012, 0, 0, 20480.0, 20236.0, 1.35555555556
43, 05/09/2012, 0, 0, 20203.0, 20067.0, 0.755555555556
44, 05/10/2012, 0, 0, 20178.0, 19906.0, 1.51111111111
45, 05/11/2012, 0, 0, 19893.0, 19710.0, 1.01666666667
46, 05/14/2012, 0, 0, 19853.0, 19622.0, 1.28333333333
47, 05/15/2012, 0, 0, 19712.0, 19443.0, 1.49444444444
48, 05/16/2012, 1, 0, 19467.0, 19082.0, 2.13888888889
49, 05/17/2012, 0, 0, 19296.0, 19078.0, 1.21111111111
50, 05/18/2012, 1, 1, 18746.0, 18464.0, 1.56666666667
51, 05/21/2012, 0, 0, 18860.0, 18705.0, 0.861111111111
52, 05/22/2012, 0, 0, 19075.0, 18885.0, 1.05555555556
53, 05/23/2012, 0, 0, 18706.0, 18524.0, 1.01111111111
54, 05/24/2012, 0, 0, 18752.0, 18581.0, 0.95
55, 05/25/2012, 0, 0, 18664.0, 18481.0, 1.01666666667
56, 05/28/2012, 0, 0, 18790.0, 18596.0, 1.07777777778
57, 05/29/2012, 0, 0, 18950.0, 18632.0, 1.76666666667
58, 05/30/2012, 0, 0, 18801.0, 18650.0, 0.838888888889
59, 05/31/2012, 1, 0, 18435.0, 18136.0, 1.66111111111
60, 06/01/2012, 0, 0, 18528.0, 18253.0, 1.52777777778
61, 06/04/2012, 0, 0, 18064.0, 17869.0, 1.08333333333
62, 06/05/2012, 0, 0, 18210.0, 18062.0, 0.822222222222
63, 06/06/2012, 1, 1, 18436.0, 18235.0, 1.11666666667
64, 06/07/2012, 0, 0, 18752.0, 18536.0, 1.2
65, 06/08/2012, 0, 0, 18600.0, 18386.0, 1.18888888889
66, 06/11/2012, 1, 1, 18958.0, 18782.0, 0.977777777778
67, 06/12/2012, 0, 0, 18807.0, 18626.0, 1.00555555556
68, 06/13/2012, 1, 1, 18880.0, 18721.0, 0.883333333333
69, 06/14/2012, 0, 0, 18937.0, 18819.0, 0.655555555556
70, 06/15/2012, 1, 1, 19158.0, 18877.0, 1.56111111111
71, 06/18/2012, 0, 0, 19624.0, 19426.0, 1.1
72, 06/19/2012, 0, 0, 19489.0, 19351.0, 0.766666666667
73, 06/20/2012, 1, 0, 19594.0, 19477.0, 0.65
74, 06/21/2012, 0, 0, 19558.0, 19313.0, 1.36111111111
75, 06/22/2012, 1, 0, 19102.0, 18977.0, 0.694444444444
76, 06/25/2012, 1, 0, 19084.0, 18858.0, 1.25555555556
77, 06/26/2012, 1, 1, 19020.0, 18863.0, 0.872222222222
78, 06/27/2012, 0, 0, 19230.0, 18923.0, 1.70555555556
79, 06/28/2012, 0, 0, 19337.0, 19169.0, 0.933333333333
80, 06/29/2012, 0, 0, 19546.0, 19023.0, 2.90555555556
81, 07/03/2012, 0, 0, 19782.0, 19635.0, 0.816666666667
82, 07/04/2012, 0, 0, 19846.0, 19725.0, 0.672222222222
83, 07/05/2012, 0, 0, 19900.0, 19626.0, 1.52222222222
84, 07/06/2012, 1, 0, 19856.0, 19707.0, 0.827777777778
85, 07/09/2012, 0, 0, 19758.0, 19454.0, 1.68888888889
86, 07/10/2012, 0, 0, 19536.0, 19375.0, 0.894444444444
87, 07/11/2012, 1, 0, 19414.0, 19252.0, 0.9
88, 07/12/2012, 0, 0, 19388.0, 19013.0, 2.08333333333
89, 07/13/2012, 0, 0, 19176.0, 19020.0, 0.866666666667
90, 07/16/2012, 0, 0, 19230.0, 19043.0, 1.03888888889
91, 07/17/2012, 0, 0, 19499.0, 19129.0, 2.05555555556
92, 07/18/2012, 0, 0, 19443.0, 19124.0, 1.77222222222
93, 07/19/2012, 0, 0, 19620.0, 19386.0, 1.3
94, 07/20/2012, 1, 1, 19658.0, 19512.0, 0.811111111111
95, 07/23/2012, 0, 0, 19278.0, 19072.0, 1.14444444444
96, 07/25/2012, 0, 0, 18865.0, 18662.0, 1.12777777778
97, 07/26/2012, 0, 0, 18940.0, 18789.0, 0.838888888889
98, 07/27/2012, 0, 0, 19343.0, 19137.0, 1.14444444444
99, 07/30/2012, 0, 0, 19579.0, 19489.0, 0.5
100, 07/31/2012, 1, 0, 19820.0, 19545.0, 1.52777777778
101, 08/01/2012, 0, 0, 19880.0, 19610.0, 1.5
102, 08/02/2012, 0, 0, 19789.0, 19623.0, 0.922222222222
103, 08/03/2012, 1, 1, 19563.0, 19400.0, 0.905555555556
104, 08/06/2012, 0, 0, 20087.0, 19976.0, 0.616666666667
105, 08/07/2012, 0, 0, 20090.0, 19974.0, 0.644444444444
106, 08/08/2012, 1, 0, 20197.0, 19957.0, 1.33333333333
107, 08/09/2012, 0, 0, 20279.0, 20125.0, 0.855555555556
108, 08/10/2012, 1, 1, 20208.0, 20055.0, 0.85
109, 08/13/2012, 0, 0, 20195.0, 20024.0, 0.95
110, 08/14/2012, 1, 0, 20311.0, 20094.0, 1.20555555556
111, 08/15/2012, 0, 0, 20144.0, 20032.0, 0.622222222222
112, 08/16/2012, 0, 0, 20177.0, 19967.0, 1.16666666667
113, 08/17/2012, 0, 0, 20173.0, 20033.0, 0.777777777778
114, 08/20/2012, 0, 0, 20134.0, 19900.0, 1.3
115, 08/21/2012, 1, 0, 20170.0, 19988.0, 1.01111111111
116, 08/22/2012, 0, 0, 20015.0, 19856.0, 0.883333333333
117, 08/23/2012, 0, 0, 20146.0, 19955.0, 1.06111111111
118, 08/24/2012, 1, 0, 19936.0, 19830.0, 0.588888888889
119, 08/27/2012, 0, 0, 20010.0, 19771.0, 1.32777777778
120, 08/28/2012, 0, 0, 19845.0, 19738.0, 0.594444444444
121, 08/29/2012, 0, 0, 19856.0, 19767.0, 0.494444444444
122, 08/30/2012, 0, 0, 19650.0, 19539.0, 0.616666666667
123, 08/31/2012, 0, 0, 19461.0, 19384.0, 0.427777777778
124, 09/03/2012, 0, 0, 19533.0, 19275.0, 1.43333333333
125, 09/04/2012, 0, 0, 19474.0, 19386.0, 0.488888888889
126, 09/05/2012, 0, 0, 19270.0, 19032.0, 1.32222222222
127, 09/06/2012, 0, 0, 19168.0, 19031.0, 0.761111111111
128, 09/07/2012, 1, 0, 19748.0, 19438.0, 1.72222222222
129, 09/10/2012, 0, 0, 19948.0, 19787.0, 0.894444444444
130, 09/11/2012, 0, 0, 19928.0, 19681.0, 1.37222222222
131, 09/12/2012, 0, 0, 20144.0, 20034.0, 0.611111111111
132, 09/13/2012, 0, 0, 20179.0, 20050.0, 0.716666666667
133, 09/14/2012, 0, 0, 20679.0, 20492.0, 1.03888888889
134, 09/17/2012, 1, 1, 20750.0, 20637.0, 0.627777777778
135, 09/18/2012, 0, 0, 20750.0, 20658.0, 0.511111111111
136, 09/19/2012, 0, 0, 20936.0, 20666.0, 1.5
137, 09/20/2012, 0, 0, 20874.0, 20638.0, 1.31111111111
138, 09/21/2012, 0, 0, 20851.0, 20717.0, 0.744444444444
139, 09/24/2012, 0, 0, 20814.0, 20531.0, 1.57222222222
140, 09/25/2012, 1, 0, 20803.0, 20689.0, 0.633333333333
141, 09/26/2012, 0, 0, 20594.0, 20524.0, 0.388888888889
142, 09/27/2012, 0, 0, 20725.0, 20473.0, 1.4
143, 09/28/2012, 1, 0, 20887.0, 20705.0, 1.01111111111
144, 10/03/2012, 1, 1, 21015.0, 20778.0, 1.31666666667
145, 10/04/2012, 0, 0, 20930.0, 20819.0, 0.616666666667
146, 10/05/2012, 0, 0, 21024.0, 20909.0, 0.638888888889
147, 10/08/2012, 0, 0, 20994.0, 20845.0, 0.827777777778
148, 10/09/2012, 0, 0, 21096.0, 20900.0, 1.08888888889
149, 10/10/2012, 1, 0, 20899.0, 20735.0, 0.911111111111
150, 10/11/2012, 1, 0, 20985.0, 20769.0, 1.2
151, 10/12/2012, 0, 0, 21224.0, 20980.0, 1.35555555556
152, 10/15/2012, 0, 0, 21155.0, 21058.0, 0.538888888889
153, 10/16/2012, 0, 0, 21291.0, 21108.0, 1.01666666667
154, 10/17/2012, 0, 0, 21431.0, 21340.0, 0.505555555556
155, 10/18/2012, 1, 0, 21593.0, 21476.0, 0.65
156, 10/19/2012, 1, 1, 21557.0, 21497.0, 0.333333333333
157, 10/22/2012, 1, 0, 21682.0, 21418.0, 1.46666666667
158, 10/24/2012, 0, 0, 21794.0, 21558.0, 1.31111111111
159, 10/25/2012, 1, 1, 21854.0, 21756.0, 0.544444444444
160, 10/26/2012, 0, 0, 21846.0, 21561.0, 1.58333333333
161, 10/29/2012, 0, 0, 21585.0, 21437.0, 0.822222222222
162, 10/30/2012, 0, 0, 21628.0, 21422.0, 1.14444444444
163, 10/31/2012, 1, 1, 21599.0, 21510.0, 0.494444444444
164, 11/01/2012, 1, 0, 21838.0, 21501.0, 1.87222222222
165, 11/02/2012, 0, 0, 22166.0, 22027.0, 0.772222222222
166, 11/05/2012, 0, 0, 22170.0, 22030.0, 0.777777777778
167, 11/06/2012, 0, 0, 22042.0, 21877.0, 0.916666666667
168, 11/07/2012, 1, 0, 22082.0, 21843.0, 1.32777777778
169, 11/08/2012, 0, 0, 21871.0, 21632.0, 1.32777777778
170, 11/09/2012, 0, 0, 21499.0, 21388.0, 0.616666666667
171, 11/12/2012, 0, 0, 21460.0, 21335.0, 0.694444444444
172, 11/13/2012, 0, 0, 21385.0, 21196.0, 1.05
173, 11/14/2012, 1, 1, 21376.0, 21224.0, 0.844444444444
174, 11/15/2012, 0, 0, 21299.0, 21121.0, 0.988888888889
175, 11/16/2012, 0, 0, 21220.0, 21094.0, 0.7
176, 11/19/2012, 0, 0, 21316.0, 21163.0, 0.85
177, 11/20/2012, 0, 0, 21490.0, 21316.0, 0.966666666667
178, 11/21/2012, 1, 1, 21465.0, 21229.0, 1.31111111111
179, 11/22/2012, 0, 0, 21767.0, 21556.0, 1.17222222222
180, 11/23/2012, 0, 0, 21937.0, 21760.0, 0.983333333333
181, 11/26/2012, 0, 0, 22058.0, 21847.0, 1.17222222222
182, 11/27/2012, 0, 0, 22037.0, 21862.0, 0.972222222222
183, 11/28/2012, 1, 0, 21758.0, 21617.0, 0.783333333333
184, 11/29/2012, 0, 0, 21940.0, 21805.0, 0.75
185, 11/30/2012, 0, 0, 22140.0, 21953.0, 1.03888888889
186, 12/03/2012, 0, 0, 22210.0, 21885.0, 1.80555555556
187, 12/04/2012, 0, 0, 21852.0, 21693.0, 0.883333333333
188, 12/05/2012, 1, 0, 22246.0, 21809.0, 2.42777777778
189, 12/06/2012, 0, 0, 22380.0, 22270.0, 0.611111111111
190, 12/07/2012, 0, 0, 22416.0, 22273.0, 0.794444444444
191, 12/10/2012, 0, 0, 22420.0, 22239.0, 1.00555555556
192, 12/11/2012, 0, 0, 22427.0, 22247.0, 1.0
193, 12/12/2012, 1, 0, 22518.0, 22392.0, 0.7
194, 12/13/2012, 0, 0, 22587.0, 22469.0, 0.655555555556
195, 12/14/2012, 0, 0, 22678.0, 22409.0, 1.49444444444
196, 12/17/2012, 0, 0, 22616.0, 22445.0, 0.95
197, 12/18/2012, 0, 0, 22625.0, 22490.0, 0.75
198, 12/19/2012, 0, 0, 22708.0, 22564.0, 0.8
199, 12/20/2012, 1, 0, 22613.0, 22505.0, 0.6
200, 12/21/2012, 0, 0, 22619.0, 22432.0, 1.03888888889
201, 12/27/2012, 0, 0, 22800.0, 22646.0, 0.855555555556
202, 12/28/2012, 0, 0, 22726.0, 22652.0, 0.411111111111
203, 01/02/2013, 0, 0, 23237.0, 22917.0, 1.77777777778
204, 01/03/2013, 1, 1, 23393.0, 23264.0, 0.716666666667
205, 01/04/2013, 1, 0, 23375.0, 23216.0, 0.883333333333
206, 01/07/2013, 0, 0, 23385.0, 23264.0, 0.672222222222
207, 01/08/2013, 0, 0, 23328.0, 23132.0, 1.08888888889
208, 01/09/2013, 1, 0, 23265.0, 23176.0, 0.494444444444
209, 01/10/2013, 0, 0, 23515.0, 23168.0, 1.92777777778
210, 01/11/2013, 0, 0, 23497.0, 23247.0, 1.38888888889
211, 01/14/2013, 0, 0, 23468.0, 23319.0, 0.827777777778
212, 01/15/2013, 0, 0, 23563.0, 23318.0, 1.36111111111
213, 01/16/2013, 1, 1, 23410.0, 23206.0, 1.13333333333
214, 01/17/2013, 0, 0, 23525.0, 23220.0, 1.69444444444
215, 01/18/2013, 0, 0, 23611.0, 23469.0, 0.788888888889
216, 01/21/2013, 0, 0, 23644.0, 23514.0, 0.722222222222
217, 01/22/2013, 0, 0, 23697.0, 23518.0, 0.994444444444
218, 01/23/2013, 0, 0, 23720.0, 23542.0, 0.988888888889
219, 01/24/2013, 0, 0, 23700.0, 23531.0, 0.938888888889
220, 01/25/2013, 0, 0, 23695.0, 23524.0, 0.95
221, 01/28/2013, 0, 0, 23762.0, 23642.0, 0.666666666667
222, 01/29/2013, 0, 0, 23716.0, 23626.0, 0.5
223, 01/30/2013, 0, 0, 23943.0, 23748.0, 1.08333333333
224, 01/31/2013, 1, 0, 23816.0, 23713.0, 0.572222222222
225, 02/01/2013, 1, 0, 23783.0, 23590.0, 1.07222222222
226, 02/04/2013, 0, 0, 23985.0, 23825.0, 0.888888888889
227, 02/05/2013, 0, 0, 23448.0, 23222.0, 1.25555555556
228, 02/06/2013, 0, 0, 23383.0, 23212.0, 0.95
229, 02/07/2013, 0, 0, 23304.0, 23166.0, 0.766666666667
230, 02/08/2013, 0, 0, 23300.0, 23137.0, 0.905555555556
231, 02/14/2013, 1, 0, 23483.0, 23320.0, 0.905555555556
232, 02/15/2013, 0, 0, 23433.0, 23313.0, 0.666666666667
233, 02/18/2013, 0, 0, 23480.0, 23313.0, 0.927777777778
234, 02/19/2013, 0, 0, 23448.0, 23160.0, 1.6
235, 02/20/2013, 0, 0, 23305.0, 23140.0, 0.916666666667
236, 02/21/2013, 0, 0, 23061.0, 22809.0, 1.4
237, 02/22/2013, 0, 0, 22840.0, 22673.0, 0.927777777778
238, 02/25/2013, 1, 0, 22840.0, 22764.0, 0.422222222222
239, 02/26/2013, 0, 0, 22757.0, 22576.0, 1.00555555556
240, 02/27/2013, 0, 0, 22655.0, 22534.0, 0.672222222222
241, 02/28/2013, 1, 1, 22860.0, 22657.0, 1.12777777778
242, 03/01/2013, 0, 0, 22923.0, 22820.0, 0.572222222222
243, 03/04/2013, 0, 0, 22883.0, 22386.0, 2.76111111111
244, 03/05/2013, 0, 0, 22594.0, 22452.0, 0.788888888889
245, 03/06/2013, 0, 0, 22733.0, 22587.0, 0.811111111111
246, 03/07/2013, 0, 0, 22763.0, 22558.0, 1.13888888889
247, 03/08/2013, 0, 0, 23193.0, 22757.0, 2.42222222222
248, 03/11/2013, 0, 0, 23218.0, 23069.0, 0.827777777778
249, 03/12/2013, 0, 0, 23241.0, 22871.0, 2.05555555556
250, 03/13/2013, 0, 0, 22879.0, 22554.0, 1.80555555556
251, 03/14/2013, 1, 1, 22457.0, 22253.0, 1.13333333333
252, 03/15/2013, 0, 0, 22720.0, 22492.0, 1.26666666667
253, 03/18/2013, 0, 0, 22146.0, 21936.0, 1.16666666667
254, 03/19/2013, 0, 0, 22168.0, 21971.0, 1.09444444444
255, 03/20/2013, 0, 0, 22278.0, 21945.0, 1.85
256, 03/21/2013, 0, 0, 22392.0, 22189.0, 1.12777777778
257, 03/22/2013, 1, 0, 22260.0, 22054.0, 1.14444444444
258, 03/25/2013, 0, 0, 22396.0, 22224.0, 0.955555555556
259, 03/26/2013, 0, 0, 22288.0, 22091.0, 1.09444444444
260, 03/27/2013, 0, 0, 22508.0, 22346.0, 0.9
261, 04/02/2013, 0, 0, 22472.0, 22128.0, 1.91111111111
262, 04/03/2013, 0, 0, 22514.0, 22294.0, 1.22222222222
263, 04/05/2013, 0, 0, 22245.0, 21717.0, 2.93333333333
264, 04/08/2013, 0, 0, 21762.0, 21605.0, 0.872222222222
265, 04/09/2013, 0, 0, 21957.0, 21724.0, 1.29444444444
266, 04/10/2013, 1, 0, 21975.0, 21839.0, 0.755555555556
267, 04/11/2013, 0, 0, 22250.0, 22095.0, 0.861111111111
268, 04/12/2013, 0, 0, 22216.0, 22063.0, 0.85
269, 04/15/2013, 0, 0, 22061.0, 21712.0, 1.93888888889
270, 04/16/2013, 0, 0, 21825.0, 21477.0, 1.93333333333
271, 04/17/2013, 0, 0, 21779.0, 21619.0, 0.888888888889
272, 04/18/2013, 1, 0, 21613.0, 21334.0, 1.55
273, 04/19/2013, 1, 1, 21854.0, 21487.0, 2.03888888889
274, 04/22/2013, 0, 0, 22127.0, 21963.0, 0.911111111111
275, 04/23/2013, 0, 0, 22105.0, 21735.0, 2.05555555556
276, 04/24/2013, 0, 0, 22198.0, 21958.0, 1.33333333333
277, 04/25/2013, 0, 0, 22508.0, 22181.0, 1.81666666667
278, 04/26/2013, 0, 0, 22713.0, 22521.0, 1.06666666667
279, 04/29/2013, 0, 0, 22650.0, 22513.0, 0.761111111111
280, 04/30/2013, 0, 0, 22775.0, 22622.0, 0.85
281, 05/03/2013, 0, 0, 22793.0, 22564.0, 1.27222222222
282, 05/06/2013, 0, 0, 22909.0, 22754.0, 0.861111111111
283, 05/07/2013, 1, 1, 22895.0, 22756.0, 0.772222222222
284, 05/08/2013, 0, 0, 23135.0, 23041.0, 0.522222222222
285, 05/09/2013, 1, 0, 23220.0, 23038.0, 1.01111111111
286, 05/10/2013, 1, 1, 23183.0, 23048.0, 0.75
287, 05/13/2013, 0, 0, 23175.0, 22939.0, 1.31111111111
288, 05/14/2013, 0, 0, 23085.0, 22803.0, 1.56666666667
289, 05/15/2013, 0, 0, 23075.0, 22912.0, 0.905555555556
290, 05/16/2013, 0, 0, 23078.0, 22841.0, 1.31666666667
291, 05/20/2013, 0, 0, 23436.0, 23248.0, 1.04444444444
292, 05/21/2013, 0, 0, 23365.0, 23267.0, 0.544444444444
293, 05/23/2013, 0, 0, 23093.0, 22542.0, 3.06111111111
294, 05/24/2013, 0, 0, 22746.0, 22440.0, 1.7
295, 05/27/2013, 0, 0, 22668.0, 22496.0, 0.955555555556
296, 05/28/2013, 1, 1, 22777.0, 22612.0, 0.916666666667
297, 05/29/2013, 0, 0, 22854.0, 22564.0, 1.61111111111
298, 05/30/2013, 0, 0, 22631.0, 22391.0, 1.33333333333
299, 05/31/2013, 0, 0, 22318.0, 22115.0, 1.12777777778
300, 06/03/2013, 0, 0, 22338.0, 22028.0, 1.72222222222
301, 06/04/2013, 0, 0, 22114.0, 21929.0, 1.02777777778
302, 06/05/2013, 0, 0, 21939.0, 21681.0, 1.43333333333
303, 06/06/2013, 0, 0, 21742.0, 21552.0, 1.05555555556
304, 06/07/2013, 0, 0, 21628.0, 21319.0, 1.71666666667
305, 06/10/2013, 0, 0, 21532.0, 21327.0, 1.13888888889
306, 06/11/2013, 0, 0, 21444.0, 21157.0, 1.59444444444
307, 06/13/2013, 1, 1, 20930.0, 20562.0, 2.04444444444
308, 06/14/2013, 0, 0, 21058.0, 20868.0, 1.05555555556
309, 06/17/2013, 0, 0, 21275.0, 20993.0, 1.56666666667
310, 06/18/2013, 1, 0, 21162.0, 20971.0, 1.06111111111
311, 06/19/2013, 0, 0, 21200.0, 20855.0, 1.91666666667
312, 06/20/2013, 0, 0, 20767.0, 20323.0, 2.46666666667
313, 06/21/2013, 0, 0, 20338.0, 19898.0, 2.44444444444
314, 06/24/2013, 0, 0, 20074.0, 19730.0, 1.91111111111
315, 06/25/2013, 0, 0, 19980.0, 19416.0, 3.13333333333
316, 06/26/2013, 0, 0, 20261.0, 19895.0, 2.03333333333
317, 06/27/2013, 0, 0, 20688.0, 20376.0, 1.73333333333
318, 06/28/2013, 0, 0, 20806.0, 20480.0, 1.81111111111
319, 07/02/2013, 0, 0, 21022.0, 20635.0, 2.15
320, 07/03/2013, 0, 0, 20568.0, 20176.0, 2.17777777778
321, 07/04/2013, 0, 0, 20534.0, 20290.0, 1.35555555556
322, 07/05/2013, 0, 0, 20866.0, 20632.0, 1.3
323, 07/08/2013, 0, 0, 20640.0, 20226.0, 2.3
324, 07/09/2013, 1, 1, 20758.0, 20547.0, 1.17222222222
325, 07/10/2013, 0, 0, 21057.0, 20609.0, 2.48888888889
326, 07/11/2013, 0, 0, 21513.0, 21173.0, 1.88888888889
327, 07/12/2013, 0, 0, 21528.0, 21242.0, 1.58888888889
328, 07/15/2013, 0, 0, 21399.0, 21185.0, 1.18888888889
329, 07/16/2013, 0, 0, 21373.0, 21176.0, 1.09444444444
330, 07/17/2013, 0, 0, 21464.0, 21252.0, 1.17777777778
331, 07/18/2013, 1, 0, 21460.0, 21263.0, 1.09444444444
332, 07/19/2013, 0, 0, 21420.0, 21171.0, 1.38333333333
333, 07/22/2013, 1, 0, 21534.0, 21272.0, 1.45555555556
334, 07/23/2013, 0, 0, 21957.0, 21515.0, 2.45555555556
335, 07/24/2013, 1, 0, 21946.0, 21826.0, 0.666666666667
336, 07/25/2013, 0, 0, 21965.0, 21842.0, 0.683333333333
337, 07/26/2013, 0, 0, 22038.0, 21847.0, 1.06111111111
338, 07/29/2013, 0, 0, 21947.0, 21771.0, 0.977777777778
339, 07/30/2013, 0, 0, 22000.0, 21833.0, 0.927777777778
340, 07/31/2013, 0, 0, 22047.0, 21816.0, 1.28333333333
341, 08/01/2013, 0, 0, 22140.0, 21950.0, 1.05555555556
342, 08/02/2013, 0, 0, 22300.0, 22150.0, 0.833333333333
343, 08/05/2013, 0, 0, 22281.0, 22171.0, 0.611111111111
344, 08/06/2013, 0, 0, 22050.0, 21770.0, 1.55555555556
345, 08/07/2013, 0, 0, 21836.0, 21565.0, 1.50555555556
346, 08/08/2013, 0, 0, 21759.0, 21595.0, 0.911111111111
347, 08/09/2013, 0, 0, 21784.0, 21637.0, 0.816666666667
348, 08/12/2013, 0, 0, 22268.0, 21682.0, 3.25555555556
349, 08/13/2013, 1, 0, 22545.0, 22294.0, 1.39444444444
350, 08/15/2013, 1, 0, 22679.0, 22467.0, 1.17777777778
351, 08/16/2013, 0, 0, 22644.0, 22294.0, 1.94444444444
352, 08/19/2013, 0, 0, 22532.0, 22375.0, 0.872222222222
353, 08/20/2013, 0, 0, 22460.0, 21995.0, 2.58333333333
354, 08/21/2013, 0, 0, 21990.0, 21590.0, 2.22222222222
355, 08/22/2013, 1, 1, 21787.0, 21509.0, 1.54444444444
356, 08/23/2013, 0, 0, 22058.0, 21742.0, 1.75555555556
357, 08/26/2013, 0, 0, 22118.0, 21886.0, 1.28888888889
358, 08/27/2013, 0, 0, 22000.0, 21747.0, 1.40555555556
359, 08/28/2013, 0, 0, 21670.0, 21448.0, 1.23333333333
360, 08/29/2013, 0, 0, 21696.0, 21576.0, 0.666666666667
361, 08/30/2013, 0, 0, 21646.0, 21449.0, 1.09444444444
362, 09/02/2013, 1, 0, 22192.0, 21835.0, 1.98333333333
363, 09/03/2013, 0, 0, 22408.0, 22225.0, 1.01666666667
364, 09/04/2013, 0, 0, 22387.0, 22087.0, 1.66666666667
365, 09/05/2013, 0, 0, 22710.0, 22512.0, 1.1
366, 09/06/2013, 0, 0, 22718.0, 22583.0, 0.75
367, 09/09/2013, 1, 0, 22912.0, 22710.0, 1.12222222222
368, 09/10/2013, 0, 0, 23000.0, 22861.0, 0.772222222222
369, 09/11/2013, 1, 0, 23138.0, 22884.0, 1.41111111111
370, 09/12/2013, 0, 0, 23080.0, 22942.0, 0.766666666667
371, 09/13/2013, 1, 0, 22992.0, 22836.0, 0.866666666667
372, 09/16/2013, 1, 1, 23336.0, 23212.0, 0.688888888889
373, 09/17/2013, 0, 0, 23287.0, 23184.0, 0.572222222222
374, 09/18/2013, 0, 0, 23299.0, 23131.0, 0.933333333333
375, 09/19/2013, 0, 0, 23620.0, 23504.0, 0.644444444444
376, 09/24/2013, 0, 0, 23355.0, 23114.0, 1.33888888889
377, 09/25/2013, 0, 0, 23286.0, 23166.0, 0.666666666667
378, 09/26/2013, 0, 0, 23254.0, 23062.0, 1.06666666667
379, 09/27/2013, 0, 0, 23244.0, 23130.0, 0.633333333333
380, 09/30/2013, 0, 0, 23013.0, 22878.0, 0.75
381, 10/02/2013, 0, 0, 23148.0, 22924.0, 1.24444444444
382, 10/03/2013, 0, 0, 23254.0, 23093.0, 0.894444444444
383, 10/04/2013, 0, 0, 23160.0, 22993.0, 0.927777777778
384, 10/07/2013, 0, 0, 23166.0, 22883.0, 1.57222222222
385, 10/08/2013, 0, 0, 23224.0, 22899.0, 1.80555555556
386, 10/09/2013, 0, 0, 23060.0, 22964.0, 0.533333333333
387, 10/10/2013, 1, 0, 23105.0, 22742.0, 2.01666666667
388, 10/11/2013, 0, 0, 23386.0, 23214.0, 0.955555555556
389, 10/15/2013, 0, 0, 23490.0, 23276.0, 1.18888888889
390, 10/16/2013, 0, 0, 23392.0, 23108.0, 1.57777777778
391, 10/17/2013, 0, 0, 23380.0, 23127.0, 1.40555555556
392, 10/18/2013, 1, 1, 23339.0, 23179.0, 0.888888888889
393, 10/21/2013, 0, 0, 23530.0, 23383.0, 0.816666666667
394, 10/22/2013, 0, 0, 23378.0, 23270.0, 0.6
395, 10/23/2013, 0, 0, 23530.0, 23097.0, 2.40555555556
396, 10/24/2013, 0, 0, 22960.0, 22756.0, 1.13333333333
397, 10/25/2013, 0, 0, 22822.0, 22625.0, 1.09444444444
398, 10/28/2013, 0, 0, 22849.0, 22744.0, 0.583333333333
399, 10/29/2013, 0, 0, 22998.0, 22768.0, 1.27777777778
400, 10/30/2013, 0, 0, 23088.0, 22954.0, 0.744444444444
401, 10/31/2013, 0, 0, 23266.0, 23133.0, 0.738888888889
402, 11/01/2013, 0, 0, 23355.0, 23191.0, 0.911111111111
403, 11/04/2013, 0, 0, 23390.0, 23178.0, 1.17777777778
404, 11/05/2013, 0, 0, 23344.0, 22969.0, 2.08333333333
405, 11/06/2013, 0, 0, 23123.0, 22950.0, 0.961111111111
406, 11/07/2013, 0, 0, 23103.0, 22814.0, 1.60555555556
407, 11/08/2013, 1, 0, 22790.0, 22670.0, 0.666666666667
408, 11/11/2013, 1, 0, 22960.0, 22686.0, 1.52222222222
409, 11/12/2013, 0, 0, 23104.0, 22855.0, 1.38333333333
410, 11/13/2013, 0, 0, 22773.0, 22475.0, 1.65555555556
411, 11/14/2013, 0, 0, 22654.0, 22506.0, 0.822222222222
412, 11/15/2013, 0, 0, 23042.0, 22686.0, 1.97777777778
413, 11/18/2013, 0, 0, 23705.0, 23402.0, 1.68333333333
414, 11/19/2013, 1, 0, 23908.0, 23672.0, 1.31111111111
415, 11/20/2013, 0, 0, 23877.0, 23738.0, 0.772222222222
416, 11/21/2013, 0, 0, 23735.0, 23539.0, 1.08888888889
417, 11/22/2013, 0, 0, 23795.0, 23681.0, 0.633333333333
418, 11/25/2013, 0, 0, 23960.0, 23723.0, 1.31666666667
419, 11/26/2013, 1, 0, 23778.0, 23693.0, 0.472222222222
420, 11/27/2013, 0, 0, 23874.0, 23651.0, 1.23888888889
421, 11/28/2013, 0, 0, 24020.0, 23921.0, 0.55
422, 11/29/2013, 1, 0, 23941.0, 23851.0, 0.5
423, 12/02/2013, 0, 0, 24165.0, 23880.0, 1.58333333333
424, 12/03/2013, 0, 0, 24015.0, 23875.0, 0.777777777778
425, 12/04/2013, 0, 0, 23854.0, 23613.0, 1.33888888889
426, 12/05/2013, 0, 0, 23709.0, 23581.0, 0.711111111111
427, 12/06/2013, 0, 0, 23861.0, 23625.0, 1.31111111111
428, 12/09/2013, 0, 0, 24048.0, 23794.0, 1.41111111111
429, 12/10/2013, 0, 0, 23848.0, 23752.0, 0.533333333333
430, 12/11/2013, 0, 0, 23764.0, 23347.0, 2.31666666667
431, 12/12/2013, 0, 0, 23342.0, 23164.0, 0.988888888889
432, 12/13/2013, 0, 0, 23328.0, 23050.0, 1.54444444444
433, 12/16/2013, 0, 0, 23222.0, 23005.0, 1.20555555556
434, 12/17/2013, 0, 0, 23259.0, 23063.0, 1.08888888889
435, 12/18/2013, 0, 0, 23240.0, 23009.0, 1.28333333333
436, 12/19/2013, 0, 0, 23415.0, 23038.0, 2.09444444444
437, 12/20/2013, 1, 0, 22930.0, 22710.0, 1.22222222222
438, 12/23/2013, 0, 0, 22996.0, 22859.0, 0.761111111111
439, 12/27/2013, 0, 0, 23295.0, 23093.0, 1.12222222222
440, 12/30/2013, 0, 0, 23398.0, 23233.0, 0.916666666667
441, 01/02/2014, 0, 0, 23512.0, 23193.0, 1.77222222222
442, 01/03/2014, 0, 0, 23171.0, 22807.0, 2.02222222222
443, 01/06/2014, 0, 0, 22802.0, 22585.0, 1.20555555556
444, 01/07/2014, 0, 0, 22784.0, 22626.0, 0.877777777778
445, 01/08/2014, 0, 0, 23055.0, 22750.0, 1.69444444444
446, 01/09/2014, 1, 0, 23026.0, 22722.0, 1.68888888889
447, 01/10/2014, 0, 0, 22961.0, 22723.0, 1.32222222222
448, 01/13/2014, 0, 0, 23165.0, 22757.0, 2.26666666667
449, 01/14/2014, 0, 0, 22883.0, 22604.0, 1.55
450, 01/15/2014, 1, 0, 23028.0, 22816.0, 1.17777777778
451, 01/16/2014, 0, 0, 23120.0, 22924.0, 1.08888888889
452, 01/17/2014, 0, 0, 23291.0, 22855.0, 2.42222222222
453, 01/20/2014, 0, 0, 23109.0, 22878.0, 1.28333333333
454, 01/21/2014, 0, 0, 23184.0, 23010.0, 0.966666666667
455, 01/22/2014, 0, 0, 23139.0, 22940.0, 1.10555555556
456, 01/23/2014, 0, 0, 23148.0, 22708.0, 2.44444444444
457, 01/24/2014, 0, 0, 22631.0, 22490.0, 0.783333333333
458, 01/27/2014, 0, 0, 22038.0, 21888.0, 0.833333333333
459, 01/28/2014, 1, 1, 22007.0, 21897.0, 0.611111111111
460, 01/29/2014, 0, 0, 22249.0, 22100.0, 0.827777777778
461, 02/04/2014, 0, 0, 21595.0, 21406.0, 1.05
462, 02/05/2014, 0, 0, 21545.0, 21167.0, 2.1
463, 02/06/2014, 0, 0, 21388.0, 21236.0, 0.844444444444
464, 02/07/2014, 0, 0, 21649.0, 21406.0, 1.35
465, 02/10/2014, 0, 0, 21655.0, 21532.0, 0.683333333333
466, 02/11/2014, 0, 0, 21998.0, 21535.0, 2.57222222222
467, 02/12/2014, 1, 0, 22185.0, 21967.0, 1.21111111111
468, 02/13/2014, 1, 0, 22272.0, 22119.0, 0.85
469, 02/14/2014, 0, 0, 22410.0, 22239.0, 0.95
470, 02/17/2014, 0, 0, 22587.0, 22466.0, 0.672222222222
471, 02/18/2014, 1, 0, 22606.0, 22447.0, 0.883333333333
472, 02/19/2014, 0, 0, 22721.0, 22534.0, 1.03888888889
473, 02/20/2014, 0, 0, 22751.0, 22298.0, 2.51666666667
474, 02/21/2014, 1, 0, 22690.0, 22470.0, 1.22222222222
475, 02/24/2014, 0, 0, 22642.0, 22257.0, 2.13888888889
476, 02/25/2014, 1, 0, 22556.0, 22293.0, 1.46111111111
477, 02/26/2014, 0, 0, 22514.0, 22283.0, 1.28333333333
478, 02/27/2014, 0, 0, 22666.0, 22378.0, 1.6
479, 02/28/2014, 0, 0, 22937.0, 22663.0, 1.52222222222
480, 03/03/2014, 0, 0, 22707.0, 22420.0, 1.59444444444
481, 03/04/2014, 0, 0, 22733.0, 22460.0, 1.51666666667
482, 03/05/2014, 0, 0, 22813.0, 22454.0, 1.99444444444
483, 03/06/2014, 0, 0, 22720.0, 22494.0, 1.25555555556
484, 03/07/2014, 0, 0, 22770.0, 22533.0, 1.31666666667
485, 03/10/2014, 1, 0, 22369.0, 22125.0, 1.35555555556
486, 03/11/2014, 0, 0, 22280.0, 22137.0, 0.794444444444
487, 03/12/2014, 0, 0, 22049.0, 21869.0, 1.0
488, 03/13/2014, 0, 0, 22026.0, 21740.0, 1.58888888889
489, 03/14/2014, 0, 0, 21635.0, 21471.0, 0.911111111111
490, 03/17/2014, 0, 0, 21539.0, 21404.0, 0.75
491, 03/18/2014, 1, 0, 21590.0, 21456.0, 0.744444444444
492, 03/19/2014, 0, 0, 21610.0, 21478.0, 0.733333333333
493, 03/20/2014, 0, 0, 21450.0, 21113.0, 1.87222222222
494, 03/21/2014, 0, 0, 21422.0, 21153.0, 1.49444444444
495, 03/24/2014, 0, 0, 21868.0, 21569.0, 1.66111111111
496, 03/25/2014, 0, 0, 21843.0, 21719.0, 0.688888888889
497, 03/26/2014, 0, 0, 22005.0, 21885.0, 0.666666666667
498, 03/27/2014, 0, 0, 21937.0, 21722.0, 1.19444444444
499, 03/28/2014, 0, 0, 22107.0, 21919.0, 1.04444444444
500, 03/31/2014, 1, 0, 22201.0, 22021.0, 1.0
501, 04/01/2014, 1, 0, 22404.0, 22201.0, 1.12777777778
502, 04/02/2014, 1, 0, 22570.0, 22415.0, 0.861111111111
503, 04/03/2014, 0, 0, 22750.0, 22542.0, 1.15555555556
504, 04/04/2014, 1, 0, 22600.0, 22487.0, 0.627777777778
505, 04/07/2014, 1, 0, 22515.0, 22318.0, 1.09444444444
506, 04/08/2014, 0, 0, 22640.0, 22365.0, 1.52777777778
507, 04/09/2014, 1, 0, 22962.0, 22675.0, 1.59444444444
508, 04/10/2014, 1, 0, 23218.0, 22761.0, 2.53888888889
509, 04/11/2014, 0, 0, 23246.0, 22994.0, 1.4
510, 04/14/2014, 1, 0, 23115.0, 22965.0, 0.833333333333
511, 04/15/2014, 0, 0, 23121.0, 22708.0, 2.29444444444
512, 04/16/2014, 1, 0, 22885.0, 22619.0, 1.47777777778
513, 04/17/2014, 1, 1, 22836.0, 22678.0, 0.877777777778
514, 04/22/2014, 0, 0, 22827.0, 22642.0, 1.02777777778
515, 04/23/2014, 0, 0, 22822.0, 22500.0, 1.78888888889
516, 04/24/2014, 0, 0, 22577.0, 22484.0, 0.516666666667
517, 04/25/2014, 0, 0, 22569.0, 22206.0, 2.01666666667
518, 04/28/2014, 0, 0, 22216.0, 22117.0, 0.55
519, 04/29/2014, 0, 0, 22231.0, 22123.0, 0.6
520, 04/30/2014, 0, 0, 22315.0, 21868.0, 2.48333333333
521, 05/02/2014, 0, 0, 22095.0, 21872.0, 1.23888888889
522, 05/05/2014, 0, 0, 22170.0, 21697.0, 2.62777777778
523, 05/07/2014, 0, 0, 21769.0, 21505.0, 1.46666666667
524, 05/08/2014, 1, 0, 21774.0, 21581.0, 1.07222222222
525, 05/09/2014, 1, 0, 21752.0, 21526.0, 1.25555555556
526, 05/12/2014, 0, 0, 22280.0, 21638.0, 3.56666666667
527, 05/13/2014, 0, 0, 22250.0, 22124.0, 0.7
528, 05/14/2014, 0, 0, 22550.0, 22214.0, 1.86666666667
529, 05/15/2014, 0, 0, 22680.0, 22473.0, 1.15
530, 05/16/2014, 1, 0, 22588.0, 22413.0, 0.972222222222
531, 05/19/2014, 1, 0, 22685.0, 22419.0, 1.47777777778
532, 05/20/2014, 1, 0, 22809.0, 22632.0, 0.983333333333
533, 05/21/2014, 0, 0, 22836.0, 22591.0, 1.36111111111
534, 05/22/2014, 0, 0, 23022.0, 22856.0, 0.922222222222
535, 05/23/2014, 0, 0, 22980.0, 22892.0, 0.488888888889
536, 05/26/2014, 0, 0, 23149.0, 22885.0, 1.46666666667
537, 05/27/2014, 1, 0, 22990.0, 22894.0, 0.533333333333
538, 05/28/2014, 0, 0, 23217.0, 22962.0, 1.41666666667
539, 05/29/2014, 0, 0, 23197.0, 23077.0, 0.666666666667
540, 05/30/2014, 0, 0, 23034.0, 22846.0, 1.04444444444
541, 06/03/2014, 0, 0, 23230.0, 22995.0, 1.30555555556
542, 06/04/2014, 0, 0, 23128.0, 22976.0, 0.844444444444
543, 06/05/2014, 0, 0, 23068.0, 22927.0, 0.783333333333
544, 06/06/2014, 0, 0, 23134.0, 22875.0, 1.43888888889
545, 06/09/2014, 1, 0, 23050.0, 22923.0, 0.705555555556
546, 06/10/2014, 0, 0, 23266.0, 22961.0, 1.69444444444
547, 06/11/2014, 0, 0, 23145.0, 23046.0, 0.55
548, 06/12/2014, 0, 0, 23186.0, 23003.0, 1.01666666667
549, 06/13/2014, 0, 0, 23370.0, 23013.0, 1.98333333333
550, 06/16/2014, 0, 0, 23302.0, 23183.0, 0.661111111111
551, 06/17/2014, 0, 0, 23213.0, 23085.0, 0.711111111111
552, 06/18/2014, 0, 0, 23278.0, 23115.0, 0.905555555556
553, 06/19/2014, 1, 0, 23346.0, 23140.0, 1.14444444444
554, 06/20/2014, 0, 0, 23313.0, 23187.0, 0.7
555, 06/23/2014, 0, 0, 23477.0, 22799.0, 3.76666666667
556, 06/24/2014, 0, 0, 22943.0, 22830.0, 0.627777777778
557, 06/25/2014, 1, 0, 22949.0, 22820.0, 0.716666666667
558, 06/26/2014, 1, 0, 23179.0, 22923.0, 1.42222222222
559, 06/27/2014, 0, 0, 23298.0, 23155.0, 0.794444444444
560, 06/30/2014, 1, 0, 23255.0, 22841.0, 2.3
561, 07/02/2014, 1, 0, 23496.0, 23283.0, 1.18333333333
562, 07/03/2014, 1, 0, 23616.0, 23514.0, 0.566666666667
563, 07/04/2014, 0, 0, 23639.0, 23519.0, 0.666666666667
564, 07/07/2014, 0, 0, 23597.0, 23442.0, 0.861111111111
565, 07/08/2014, 1, 0, 23579.0, 23481.0, 0.544444444444
566, 07/09/2014, 0, 0, 23457.0, 23139.0, 1.76666666667
567, 07/10/2014, 0, 0, 23291.0, 23179.0, 0.622222222222
568, 07/11/2014, 0, 0, 23340.0, 23105.0, 1.30555555556
569, 07/14/2014, 0, 0, 23497.0, 23244.0, 1.40555555556
570, 07/15/2014, 0, 0, 23495.0, 23395.0, 0.555555555556
571, 07/16/2014, 0, 0, 23588.0, 23439.0, 0.827777777778
572, 07/17/2014, 0, 0, 23620.0, 23422.0, 1.1
573, 07/18/2014, 0, 0, 23484.0, 23244.0, 1.33333333333
574, 07/21/2014, 0, 0, 23494.0, 23385.0, 0.605555555556
575, 07/22/2014, 0, 0, 23785.0, 23394.0, 2.17222222222
576, 07/23/2014, 1, 0, 23976.0, 23828.0, 0.822222222222
577, 07/24/2014, 1, 0, 24142.0, 24003.0, 0.772222222222
578, 07/25/2014, 1, 1, 24214.0, 24094.0, 0.666666666667
579, 07/28/2014, 0, 0, 24500.0, 24206.0, 1.63333333333
580, 07/29/2014, 0, 0, 24654.0, 24427.0, 1.26111111111
581, 07/30/2014, 0, 0, 24920.0, 24690.0, 1.27777777778
582, 07/31/2014, 0, 0, 24875.0, 24652.0, 1.23888888889
583, 08/01/2014, 0, 0, 24720.0, 24516.0, 1.13333333333
584, 08/04/2014, 0, 0, 24668.0, 24549.0, 0.661111111111
585, 08/05/2014, 0, 0, 24680.0, 24441.0, 1.32777777778
586, 08/06/2014, 0, 0, 24527.0, 24360.0, 0.927777777778
587, 08/07/2014, 0, 0, 24468.0, 24348.0, 0.666666666667
588, 08/08/2014, 0, 0, 24475.0, 24142.0, 1.85
589, 08/11/2014, 1, 0, 24614.0, 24473.0, 0.783333333333
590, 08/12/2014, 1, 0, 24606.0, 24496.0, 0.611111111111
591, 08/13/2014, 1, 1, 24753.0, 24575.0, 0.988888888889
592, 08/14/2014, 0, 0, 24955.0, 24698.0, 1.42777777778
593, 08/15/2014, 0, 0, 24972.0, 24838.0, 0.744444444444
594, 08/18/2014, 1, 0, 24934.0, 24726.0, 1.15555555556
595, 08/19/2014, 0, 0, 25099.0, 24873.0, 1.25555555556
596, 08/20/2014, 0, 0, 25162.0, 25066.0, 0.533333333333
597, 08/21/2014, 0, 0, 25147.0, 24916.0, 1.28333333333
598, 08/22/2014, 0, 0, 25158.0, 25060.0, 0.544444444444
599, 08/25/2014, 0, 0, 25260.0, 24975.0, 1.58333333333
600, 08/26/2014, 0, 0, 25171.0, 25093.0, 0.433333333333
601, 08/27/2014, 0, 0, 25182.0, 24913.0, 1.49444444444
602, 08/28/2014, 0, 0, 25056.0, 24888.0, 0.933333333333
603, 08/29/2014, 1, 0, 24708.0, 24591.0, 0.65
604, 09/01/2014, 0, 0, 24851.0, 24629.0, 1.23333333333
605, 09/02/2014, 0, 0, 24773.0, 24538.0, 1.30555555556
606, 09/03/2014, 0, 0, 25248.0, 24650.0, 3.32222222222
607, 09/04/2014, 0, 0, 25305.0, 25184.0, 0.672222222222
608, 09/05/2014, 0, 0, 25267.0, 25141.0, 0.7
609, 09/08/2014, 0, 0, 25240.0, 25022.0, 1.21111111111
610, 09/10/2014, 0, 0, 24965.0, 24636.0, 1.82777777778
611, 09/11/2014, 1, 0, 24739.0, 24565.0, 0.966666666667
612, 09/12/2014, 0, 0, 24686.0, 24502.0, 1.02222222222
613, 09/15/2014, 0, 0, 24488.0, 24297.0, 1.06111111111
614, 09/17/2014, 0, 0, 24485.0, 24379.0, 0.588888888889
615, 09/18/2014, 0, 0, 24338.0, 24081.0, 1.42777777778
616, 09/19/2014, 0, 0, 24418.0, 24138.0, 1.55555555556
617, 09/22/2014, 0, 0, 24080.0, 23960.0, 0.666666666667
618, 09/23/2014, 0, 0, 24006.0, 23841.0, 0.916666666667
619, 09/24/2014, 0, 0, 23992.0, 23800.0, 1.06666666667
620, 09/25/2014, 0, 0, 24047.0, 23757.0, 1.61111111111
621, 09/26/2014, 1, 0, 23708.0, 23578.0, 0.722222222222
622, 09/29/2014, 0, 0, 23426.0, 23153.0, 1.51666666667
623, 09/30/2014, 0, 0, 23145.0, 22824.0, 1.78333333333
624, 10/03/2014, 0, 0, 23100.0, 22530.0, 3.16666666667
625, 10/06/2014, 0, 0, 23395.0, 22922.0, 2.62777777778
626, 10/07/2014, 1, 0, 23461.0, 23158.0, 1.68333333333
627, 10/08/2014, 0, 0, 23248.0, 23135.0, 0.627777777778
628, 10/09/2014, 0, 0, 23527.0, 23386.0, 0.783333333333
629, 10/10/2014, 0, 0, 23195.0, 23015.0, 1.0
630, 10/13/2014, 0, 0, 23148.0, 22817.0, 1.83888888889
631, 10/14/2014, 0, 0, 23405.0, 23016.0, 2.16111111111
632, 10/15/2014, 0, 0, 23227.0, 22949.0, 1.54444444444
633, 10/16/2014, 0, 0, 23020.0, 22813.0, 1.15
634, 10/17/2014, 1, 0, 23137.0, 22874.0, 1.46111111111
635, 10/20/2014, 0, 0, 23290.0, 23049.0, 1.33888888889
636, 10/21/2014, 1, 1, 23223.0, 22921.0, 1.67777777778
637, 10/22/2014, 0, 0, 23460.0, 23188.0, 1.51111111111
638, 10/23/2014, 1, 1, 23431.0, 23278.0, 0.85
639, 10/24/2014, 1, 0, 23378.0, 23141.0, 1.31666666667
640, 10/27/2014, 1, 1, 23293.0, 23026.0, 1.48333333333
641, 10/28/2014, 1, 0, 23496.0, 23194.0, 1.67777777778
642, 10/29/2014, 0, 0, 23889.0, 23704.0, 1.02777777778
643, 10/30/2014, 0, 0, 23870.0, 23699.0, 0.95
644, 10/31/2014, 0, 0, 24080.0, 23876.0, 1.13333333333
645, 11/03/2014, 0, 0, 24087.0, 23910.0, 0.983333333333
646, 11/04/2014, 0, 0, 24032.0, 23778.0, 1.41111111111
647, 11/05/2014, 0, 0, 23888.0, 23662.0, 1.25555555556
648, 11/06/2014, 0, 0, 23797.0, 23629.0, 0.933333333333
649, 11/07/2014, 0, 0, 23848.0, 23397.0, 2.50555555556
650, 11/10/2014, 0, 0, 24199.0, 23925.0, 1.52222222222
651, 11/11/2014, 0, 0, 23937.0, 23759.0, 0.988888888889
652, 11/12/2014, 0, 0, 24015.0, 23785.0, 1.27777777778
653, 11/13/2014, 0, 0, 24095.0, 23835.0, 1.44444444444
654, 11/14/2014, 0, 0, 24071.0, 23961.0, 0.611111111111
655, 11/17/2014, 0, 0, 24343.0, 23816.0, 2.92777777778
656, 11/18/2014, 0, 0, 23869.0, 23511.0, 1.98888888889
657, 11/19/2014, 0, 0, 23531.0, 23353.0, 0.988888888889
658, 11/20/2014, 0, 0, 23432.0, 23257.0, 0.972222222222
659, 11/21/2014, 0, 0, 23481.0, 23282.0, 1.10555555556
660, 11/24/2014, 0, 0, 23980.0, 23844.0, 0.755555555556
661, 11/25/2014, 1, 1, 23948.0, 23846.0, 0.566666666667
662, 11/26/2014, 0, 0, 24117.0, 23855.0, 1.45555555556
663, 11/27/2014, 0, 0, 24252.0, 24007.0, 1.36111111111
664, 11/28/2014, 0, 0, 24161.0, 23934.0, 1.26111111111
665, 12/01/2014, 0, 0, 23990.0, 23365.0, 3.47222222222
666, 12/02/2014, 0, 0, 23808.0, 23296.0, 2.84444444444
667, 12/03/2014, 0, 0, 23948.0, 23403.0, 3.02777777778
668, 12/04/2014, 0, 0, 23873.0, 23461.0, 2.28888888889
669, 12/05/2014, 0, 0, 24216.0, 23827.0, 2.16111111111
670, 12/08/2014, 0, 0, 24226.0, 24036.0, 1.05555555556
671, 12/09/2014, 0, 0, 23957.0, 23442.0, 2.86111111111
672, 12/10/2014, 0, 0, 23674.0, 23362.0, 1.73333333333
673, 12/11/2014, 1, 1, 23365.0, 23149.0, 1.2
674, 12/12/2014, 0, 0, 23428.0, 23259.0, 0.938888888889
675, 12/15/2014, 0, 0, 23066.0, 22845.0, 1.22777777778
676, 12/16/2014, 0, 0, 22906.0, 22641.0, 1.47222222222
677, 12/17/2014, 0, 0, 22702.0, 22532.0, 0.944444444444
678, 12/18/2014, 0, 0, 22911.0, 22732.0, 0.994444444444
679, 12/19/2014, 0, 0, 23187.0, 23063.0, 0.688888888889
680, 12/22/2014, 0, 0, 23497.0, 23245.0, 1.4
681, 12/23/2014, 0, 0, 23509.0, 23356.0, 0.85
682, 12/29/2014, 0, 0, 23937.0, 23761.0, 0.977777777778
683, 12/30/2014, 0, 0, 23911.0, 23570.0, 1.89444444444
684, 01/02/2015, 0, 0, 23834.0, 23647.0, 1.03888888889
685, 01/05/2015, 0, 0, 24031.0, 23620.0, 2.28333333333
686, 01/06/2015, 0, 0, 23582.0, 23296.0, 1.58888888889
687, 01/07/2015, 0, 0, 23700.0, 23319.0, 2.11666666667
688, 01/08/2015, 0, 0, 23915.0, 23730.0, 1.02777777778
689, 01/09/2015, 0, 0, 24187.0, 23981.0, 1.14444444444
690, 01/12/2015, 0, 0, 24119.0, 23920.0, 1.10555555556
691, 01/13/2015, 0, 0, 24260.0, 23930.0, 1.83333333333
692, 01/14/2015, 0, 0, 24337.0, 24074.0, 1.46111111111
693, 01/15/2015, 1, 1, 24298.0, 24111.0, 1.03888888889
694, 01/16/2015, 1, 0, 24285.0, 24119.0, 0.922222222222
695, 01/19/2015, 0, 0, 24147.0, 23628.0, 2.88333333333
696, 01/20/2015, 1, 0, 23927.0, 23743.0, 1.02222222222
697, 01/21/2015, 0, 0, 24379.0, 23986.0, 2.18333333333
698, 01/22/2015, 1, 0, 24599.0, 24404.0, 1.08333333333
699, 01/23/2015, 1, 1, 24888.0, 24762.0, 0.7
700, 01/26/2015, 0, 0, 24896.0, 24783.0, 0.627777777778
701, 01/27/2015, 0, 0, 25020.0, 24703.0, 1.76111111111
702, 01/28/2015, 0, 0, 25002.0, 24737.0, 1.47222222222
703, 01/29/2015, 0, 0, 24731.0, 24574.0, 0.872222222222
704, 01/30/2015, 0, 0, 24772.0, 24510.0, 1.45555555556
705, 02/02/2015, 1, 0, 24496.0, 24367.0, 0.716666666667
706, 02/03/2015, 0, 0, 24617.0, 24319.0, 1.65555555556
707, 02/04/2015, 0, 0, 24846.0, 24647.0, 1.10555555556
708, 02/05/2015, 0, 0, 25174.0, 24650.0, 2.91111111111
709, 02/06/2015, 0, 0, 24854.0, 24662.0, 1.06666666667
710, 02/09/2015, 0, 0, 24681.0, 24440.0, 1.33888888889
711, 02/10/2015, 0, 0, 24583.0, 24421.0, 0.9
712, 02/11/2015, 0, 0, 24574.0, 24262.0, 1.73333333333
713, 02/12/2015, 0, 0, 24569.0, 24255.0, 1.74444444444
714, 02/13/2015, 1, 0, 24734.0, 24532.0, 1.12222222222
715, 02/16/2015, 1, 0, 24800.0, 24714.0, 0.477777777778
716, 02/17/2015, 0, 0, 24892.0, 24692.0, 1.11111111111
717, 02/23/2015, 0, 0, 24986.0, 24682.0, 1.68888888889
718, 02/24/2015, 1, 0, 24803.0, 24691.0, 0.622222222222
719, 02/25/2015, 1, 0, 24900.0, 24699.0, 1.11666666667
720, 02/26/2015, 0, 0, 24950.0, 24738.0, 1.17777777778
721, 02/27/2015, 0, 0, 25048.0, 24771.0, 1.53888888889
722, 03/02/2015, 0, 0, 24987.0, 24622.0, 2.02777777778
723, 03/03/2015, 0, 0, 24869.0, 24607.0, 1.45555555556
724, 03/04/2015, 0, 0, 24640.0, 24397.0, 1.35
725, 03/05/2015, 1, 0, 24338.0, 24093.0, 1.36111111111
726, 03/06/2015, 0, 0, 24232.0, 24074.0, 0.877777777778
727, 03/09/2015, 0, 0, 24170.0, 23896.0, 1.52222222222
728, 03/10/2015, 0, 0, 24111.0, 23862.0, 1.38333333333
729, 03/11/2015, 0, 0, 23870.0, 23678.0, 1.06666666667
730, 03/12/2015, 0, 0, 23835.0, 23650.0, 1.02777777778
731, 03/13/2015, 0, 0, 23885.0, 23739.0, 0.811111111111
732, 03/16/2015, 0, 0, 23928.0, 23680.0, 1.37777777778
733, 03/17/2015, 0, 0, 24045.0, 23769.0, 1.53333333333
734, 03/18/2015, 0, 0, 24221.0, 23925.0, 1.64444444444
735, 03/19/2015, 1, 1, 24476.0, 24250.0, 1.25555555556
736, 03/20/2015, 0, 0, 24532.0, 24397.0, 0.75
737, 03/23/2015, 0, 0, 24569.0, 24433.0, 0.755555555556
738, 03/24/2015, 0, 0, 24486.0, 24315.0, 0.95
739, 03/25/2015, 1, 0, 24647.0, 24419.0, 1.26666666667
740, 03/26/2015, 0, 0, 24620.0, 24420.0, 1.11111111111
741, 03/27/2015, 1, 1, 24577.0, 24459.0, 0.655555555556
742, 03/30/2015, 0, 0, 24882.0, 24699.0, 1.01666666667
743, 03/31/2015, 1, 0, 25054.0, 24924.0, 0.722222222222
744, 04/01/2015, 0, 0, 25114.0, 24900.0, 1.18888888889
745, 04/02/2015, 0, 0, 25333.0, 25165.0, 0.933333333333
746, 04/08/2015, 1, 0, 26119.0, 25626.0, 2.73888888889
747, 04/09/2015, 0, 0, 27999.0, 26761.0, 6.87777777778
748, 04/10/2015, 1, 0, 27630.0, 26914.0, 3.97777777778
749, 04/13/2015, 1, 0, 27993.0, 27245.0, 4.15555555556
750, 04/14/2015, 0, 0, 27918.0, 27549.0, 2.05
751, 04/15/2015, 0, 0, 27862.0, 27551.0, 1.72777777778
752, 04/16/2015, 0, 0, 27830.0, 27501.0, 1.82777777778
753, 04/17/2015, 0, 0, 27994.0, 27763.0, 1.28333333333
754, 04/20/2015, 0, 0, 27931.0, 27031.0, 5.0
755, 04/21/2015, 0, 0, 27863.0, 27439.0, 2.35555555556
756, 04/22/2015, 0, 0, 28093.0, 27786.0, 1.70555555556
757, 04/23/2015, 0, 0, 28215.0, 27910.0, 1.69444444444
758, 04/24/2015, 1, 1, 27961.0, 27606.0, 1.97222222222
759, 04/27/2015, 0, 0, 28621.0, 28149.0, 2.62222222222
760, 04/28/2015, 1, 0, 28510.0, 28265.0, 1.36111111111
761, 04/29/2015, 0, 0, 28490.0, 28246.0, 1.35555555556
762, 04/30/2015, 0, 0, 28288.0, 27967.0, 1.78333333333
763, 05/04/2015, 0, 0, 28358.0, 27997.0, 2.00555555556
764, 05/05/2015, 1, 0, 28298.0, 27557.0, 4.11666666667
765, 05/06/2015, 0, 0, 28033.0, 27540.0, 2.73888888889
766, 05/07/2015, 0, 0, 27576.0, 27244.0, 1.84444444444
767, 05/08/2015, 0, 0, 27593.0, 27331.0, 1.45555555556
768, 05/11/2015, 0, 0, 27832.0, 27533.0, 1.66111111111
769, 05/12/2015, 0, 0, 27627.0, 27467.0, 0.888888888889
770, 05/13/2015, 0, 0, 27476.0, 27177.0, 1.66111111111
771, 05/14/2015, 1, 1, 27300.0, 27155.0, 0.805555555556
772, 05/15/2015, 1, 0, 27930.0, 27271.0, 3.66111111111
773, 05/18/2015, 0, 0, 27794.0, 27365.0, 2.38333333333
774, 05/19/2015, 0, 0, 27696.0, 27467.0, 1.27222222222
775, 05/20/2015, 0, 0, 27719.0, 27431.0, 1.6
776, 05/21/2015, 1, 0, 27580.0, 27380.0, 1.11111111111
777, 05/22/2015, 0, 0, 28060.0, 27703.0, 1.98333333333
778, 05/26/2015, 0, 0, 28560.0, 28345.0, 1.19444444444
779, 05/27/2015, 0, 0, 28395.0, 28040.0, 1.97222222222
780, 05/28/2015, 0, 0, 28179.0, 27571.0, 3.37777777778
781, 05/29/2015, 0, 0, 27315.0, 27005.0, 1.72222222222
782, 06/01/2015, 0, 0, 27551.0, 27025.0, 2.92222222222
783, 06/02/2015, 0, 0, 27370.0, 27120.0, 1.38888888889
784, 06/03/2015, 0, 0, 27520.0, 27225.0, 1.63888888889
785, 06/04/2015, 0, 0, 27660.0, 26929.0, 4.06111111111
786, 06/05/2015, 0, 0, 27447.0, 27012.0, 2.41666666667
787, 06/08/2015, 0, 0, 27210.0, 26825.0, 2.13888888889
788, 06/09/2015, 0, 0, 27103.0, 26726.0, 2.09444444444
789, 06/10/2015, 0, 0, 26880.0, 26512.0, 2.04444444444
790, 06/11/2015, 1, 1, 26738.0, 26609.0, 0.716666666667
791, 06/12/2015, 0, 0, 27162.0, 26776.0, 2.14444444444
792, 06/15/2015, 0, 0, 26890.0, 26638.0, 1.4
793, 06/16/2015, 0, 0, 26648.0, 26374.0, 1.52222222222
794, 06/17/2015, 0, 0, 26688.0, 26335.0, 1.96111111111
795, 06/18/2015, 0, 0, 26700.0, 26386.0, 1.74444444444
796, 06/19/2015, 1, 0, 26790.0, 26506.0, 1.57777777778
797, 06/22/2015, 1, 1, 26768.0, 26631.0, 0.761111111111
798, 06/23/2015, 0, 0, 27295.0, 26929.0, 2.03333333333
799, 06/24/2015, 0, 0, 27330.0, 27199.0, 0.727777777778
800, 06/25/2015, 1, 0, 27270.0, 27077.0, 1.07222222222
801, 06/26/2015, 1, 0, 27047.0, 26432.0, 3.41666666667
802, 06/29/2015, 0, 0, 26700.0, 25874.0, 4.58888888889
803, 06/30/2015, 0, 0, 26496.0, 25906.0, 3.27777777778
804, 07/02/2015, 0, 0, 26437.0, 26165.0, 1.51111111111
805, 07/03/2015, 0, 0, 26418.0, 26112.0, 1.7
806, 07/06/2015, 0, 0, 26358.0, 24784.0, 8.74444444444
807, 07/07/2015, 0, 0, 25469.0, 24871.0, 3.32222222222
808, 07/08/2015, 0, 0, 24495.0, 23082.0, 7.85
809, 07/09/2015, 0, 0, 24686.0, 23321.0, 7.58333333333
810, 07/10/2015, 0, 0, 24963.0, 24495.0, 2.6
811, 07/13/2015, 0, 0, 25204.0, 24597.0, 3.37222222222
812, 07/14/2015, 0, 0, 25190.0, 24864.0, 1.81111111111
813, 07/15/2015, 0, 0, 25181.0, 24838.0, 1.90555555556
814, 07/16/2015, 0, 0, 25119.0, 24845.0, 1.52222222222
815, 07/17/2015, 0, 0, 25485.0, 25156.0, 1.82777777778
816, 07/20/2015, 0, 0, 25544.0, 25285.0, 1.43888888889
817, 07/21/2015, 0, 0, 25620.0, 25311.0, 1.71666666667
818, 07/22/2015, 0, 0, 25399.0, 25176.0, 1.23888888889
819, 07/23/2015, 0, 0, 25508.0, 25271.0, 1.31666666667
820, 07/24/2015, 1, 0, 25281.0, 25056.0, 1.25
821, 07/27/2015, 0, 0, 24920.0, 24266.0, 3.63333333333
822, 07/28/2015, 0, 0, 24987.0, 24220.0, 4.26111111111
823, 07/29/2015, 0, 0, 24716.0, 24464.0, 1.4
824, 07/30/2015, 0, 0, 24863.0, 24645.0, 1.21111111111
825, 07/31/2015, 0, 0, 24722.0, 24428.0, 1.63333333333
826, 08/03/2015, 0, 0, 24550.0, 24190.0, 2.0
827, 08/04/2015, 0, 0, 24479.0, 24187.0, 1.62222222222
828, 08/05/2015, 1, 0, 24527.0, 24307.0, 1.22222222222
829, 08/06/2015, 0, 0, 24555.0, 24254.0, 1.67222222222
830, 08/07/2015, 0, 0, 24589.0, 24200.0, 2.16111111111
831, 08/10/2015, 0, 0, 24548.0, 24058.0, 2.72222222222
832, 08/11/2015, 0, 0, 24825.0, 24357.0, 2.6
833, 08/12/2015, 0, 0, 24300.0, 23766.0, 2.96666666667
834, 08/13/2015, 1, 0, 24073.0, 23815.0, 1.43333333333
835, 08/14/2015, 0, 0, 24120.0, 23927.0, 1.07222222222
836, 08/17/2015, 0, 0, 24020.0, 23692.0, 1.82222222222
837, 08/18/2015, 0, 0, 23992.0, 23438.0, 3.07777777778
838, 08/19/2015, 0, 0, 23526.0, 23116.0, 2.27777777778
839, 08/20/2015, 1, 0, 22976.0, 22546.0, 2.38888888889
840, 08/21/2015, 1, 1, 22384.0, 22125.0, 1.43888888889
841, 08/24/2015, 0, 0, 21790.0, 21131.0, 3.66111111111
842, 08/25/2015, 1, 1, 21856.0, 20891.0, 5.36111111111
843, 08/26/2015, 0, 0, 21697.0, 21127.0, 3.16666666667
844, 08/27/2015, 1, 0, 21749.0, 21416.0, 1.85
845, 08/28/2015, 0, 0, 22249.0, 21950.0, 1.66111111111
846, 08/31/2015, 0, 0, 21618.0, 21266.0, 1.95555555556
847, 09/01/2015, 0, 0, 21485.0, 21268.0, 1.20555555556
848, 09/02/2015, 0, 0, 21190.0, 20671.0, 2.88333333333
849, 09/04/2015, 0, 0, 20999.0, 20567.0, 2.4
850, 09/07/2015, 0, 0, 20980.0, 20514.0, 2.58888888889
851, 09/08/2015, 1, 0, 21122.0, 20401.0, 4.00555555556
852, 09/09/2015, 0, 0, 22016.0, 21413.0, 3.35
853, 09/10/2015, 0, 0, 21708.0, 21436.0, 1.51111111111
854, 09/11/2015, 0, 0, 21840.0, 21467.0, 2.07222222222
855, 09/14/2015, 0, 0, 21685.0, 21369.0, 1.75555555556
856, 09/15/2015, 0, 0, 21585.0, 21387.0, 1.1
857, 09/16/2015, 0, 0, 22074.0, 21576.0, 2.76666666667
858, 09/17/2015, 0, 0, 22171.0, 21687.0, 2.68888888889
859, 09/18/2015, 1, 1, 22042.0, 21718.0, 1.8
860, 09/21/2015, 0, 0, 21730.0, 21498.0, 1.28888888889
861, 09/22/2015, 0, 0, 22128.0, 21750.0, 2.1
862, 09/23/2015, 1, 0, 21565.0, 20982.0, 3.23888888889
863, 09/24/2015, 0, 0, 21380.0, 21024.0, 1.97777777778
864, 09/25/2015, 1, 0, 21205.0, 20965.0, 1.33333333333
865, 09/29/2015, 0, 0, 20637.0, 20406.0, 1.28333333333
866, 09/30/2015, 0, 0, 20918.0, 20670.0, 1.37777777778
867, 10/02/2015, 1, 0, 21443.0, 21126.0, 1.76111111111
868, 10/05/2015, 1, 0, 21979.0, 21716.0, 1.46111111111
869, 10/06/2015, 0, 0, 22149.0, 21701.0, 2.48888888889
870, 10/07/2015, 1, 0, 22360.0, 21780.0, 3.22222222222
871, 10/08/2015, 1, 0, 22600.0, 22170.0, 2.38888888889
872, 10/09/2015, 0, 0, 22788.0, 22425.0, 2.01666666667
873, 10/12/2015, 1, 0, 22759.0, 22474.0, 1.58333333333
874, 10/13/2015, 0, 0, 22768.0, 22467.0, 1.67222222222
875, 10/14/2015, 1, 0, 22554.0, 22344.0, 1.16666666667
876, 10/15/2015, 0, 0, 22928.0, 22560.0, 2.04444444444
877, 10/16/2015, 1, 0, 23124.0, 22942.0, 1.01111111111
878, 10/19/2015, 1, 0, 23069.0, 22904.0, 0.916666666667
879, 10/20/2015, 0, 0, 23030.0, 22822.0, 1.15555555556
880, 10/22/2015, 1, 0, 22876.0, 22749.0, 0.705555555556
881, 10/23/2015, 0, 0, 23289.0, 23124.0, 0.916666666667
882, 10/26/2015, 0, 0, 23419.0, 23077.0, 1.9
883, 10/27/2015, 0, 0, 23150.0, 22913.0, 1.31666666667
884, 10/28/2015, 0, 0, 23130.0, 22946.0, 1.02222222222
885, 10/29/2015, 0, 0, 23079.0, 22866.0, 1.18333333333
886, 10/30/2015, 0, 0, 22848.0, 22632.0, 1.2
887, 11/02/2015, 0, 0, 22584.0, 22335.0, 1.38333333333
888, 11/03/2015, 0, 0, 22677.0, 22545.0, 0.733333333333
889, 11/04/2015, 0, 0, 23347.0, 22678.0, 3.71666666667
890, 11/05/2015, 0, 0, 23164.0, 22962.0, 1.12222222222
891, 11/06/2015, 0, 0, 22917.0, 22776.0, 0.783333333333
892, 11/09/2015, 0, 0, 22951.0, 22658.0, 1.62777777778
893, 11/10/2015, 1, 1, 22467.0, 22327.0, 0.777777777778
894, 11/11/2015, 1, 0, 22428.0, 22281.0, 0.816666666667
895, 11/12/2015, 0, 0, 22853.0, 22396.0, 2.53888888889
896, 11/13/2015, 0, 0, 22524.0, 22270.0, 1.41111111111
897, 11/16/2015, 1, 0, 22068.0, 21919.0, 0.827777777778
898, 11/17/2015, 0, 0, 22488.0, 22268.0, 1.22222222222
899, 11/18/2015, 0, 0, 22353.0, 22165.0, 1.04444444444
900, 11/19/2015, 0, 0, 22574.0, 22408.0, 0.922222222222
901, 11/20/2015, 1, 1, 22581.0, 22440.0, 0.783333333333
902, 11/23/2015, 0, 0, 22817.0, 22637.0, 1.0
903, 11/24/2015, 0, 0, 22705.0, 22423.0, 1.56666666667
904, 11/25/2015, 0, 0, 22633.0, 22453.0, 1.0
905, 11/26/2015, 0, 0, 23055.0, 22463.0, 3.28888888889
906, 11/27/2015, 0, 0, 22592.0, 22201.0, 2.17222222222
907, 11/30/2015, 0, 0, 22167.0, 21875.0, 1.62222222222
908, 12/01/2015, 0, 0, 22489.0, 22151.0, 1.87777777778
909, 12/02/2015, 0, 0, 22576.0, 22387.0, 1.05
910, 12/03/2015, 1, 0, 22484.0, 22273.0, 1.17222222222
911, 12/04/2015, 0, 0, 22208.0, 22075.0, 0.738888888889
912, 12/07/2015, 0, 0, 22388.0, 22242.0, 0.811111111111
913, 12/08/2015, 0, 0, 22095.0, 21724.0, 2.06111111111
914, 12/09/2015, 0, 0, 21850.0, 21722.0, 0.711111111111
915, 12/10/2015, 0, 0, 21872.0, 21674.0, 1.1
916, 12/11/2015, 0, 0, 21743.0, 21448.0, 1.63888888889
917, 12/14/2015, 0, 0, 21324.0, 21009.0, 1.75
918, 12/15/2015, 0, 0, 21409.0, 21237.0, 0.955555555556
919, 12/16/2015, 1, 0, 21770.0, 21505.0, 1.47222222222
920, 12/17/2015, 0, 0, 22009.0, 21751.0, 1.43333333333
921, 12/18/2015, 0, 0, 21961.0, 21624.0, 1.87222222222
922, 12/21/2015, 0, 0, 21852.0, 21602.0, 1.38888888889
923, 12/22/2015, 1, 0, 21841.0, 21722.0, 0.661111111111
924, 12/23/2015, 1, 0, 22123.0, 21842.0, 1.56111111111
925, 12/28/2015, 0, 0, 22186.0, 21856.0, 1.83333333333
926, 12/29/2015, 1, 0, 22030.0, 21865.0, 0.916666666667
927, 12/30/2015, 0, 0, 22156.0, 21908.0, 1.37777777778
928, 01/04/2016, 0, 0, 21857.0, 21178.0, 3.77222222222
929, 01/05/2016, 0, 0, 21409.0, 21056.0, 1.96111111111
930, 01/06/2016, 0, 0, 21250.0, 20895.0, 1.97222222222
931, 01/07/2016, 0, 0, 20834.0, 20290.0, 3.02222222222
932, 01/08/2016, 0, 0, 20620.0, 20337.0, 1.57222222222
933, 01/11/2016, 0, 0, 20066.0, 19848.0, 1.21111111111
934, 01/12/2016, 0, 0, 20112.0, 19701.0, 2.28333333333
935, 01/13/2016, 0, 0, 20229.0, 19973.0, 1.42222222222
936, 01/14/2016, 0, 0, 19893.0, 19495.0, 2.21111111111
937, 01/15/2016, 0, 0, 19827.0, 19497.0, 1.83333333333
938, 01/18/2016, 0, 0, 19442.0, 19188.0, 1.41111111111
939, 01/19/2016, 1, 0, 19537.0, 19194.0, 1.90555555556
940, 01/20/2016, 0, 0, 19343.0, 18789.0, 3.07777777778
941, 01/21/2016, 0, 0, 19260.0, 18576.0, 3.8
942, 01/22/2016, 0, 0, 19155.0, 18772.0, 2.12777777778
943, 01/25/2016, 0, 0, 19505.0, 19280.0, 1.25
944, 01/26/2016, 0, 0, 19086.0, 18840.0, 1.36666666667
945, 01/27/2016, 0, 0, 19279.0, 18938.0, 1.89444444444
946, 01/28/2016, 0, 0, 19230.0, 19050.0, 1.0
947, 01/29/2016, 0, 0, 19639.0, 19072.0, 3.15
948, 02/01/2016, 0, 0, 19715.0, 19427.0, 1.6
949, 02/02/2016, 0, 0, 19609.0, 19382.0, 1.26111111111
950, 02/03/2016, 0, 0, 19022.0, 18761.0, 1.45
951, 02/04/2016, 0, 0, 19357.0, 19155.0, 1.12222222222
952, 02/05/2016, 1, 0, 19409.0, 19223.0, 1.03333333333
953, 02/11/2016, 0, 0, 18587.0, 18298.0, 1.60555555556
954, 02/12/2016, 0, 0, 18484.0, 18242.0, 1.34444444444
955, 02/15/2016, 0, 0, 18913.0, 18648.0, 1.47222222222
956, 02/16/2016, 0, 0, 19272.0, 18918.0, 1.96666666667
957, 02/17/2016, 0, 0, 19307.0, 18945.0, 2.01111111111
958, 02/18/2016, 0, 0, 19451.0, 19270.0, 1.00555555556
959, 02/19/2016, 1, 1, 19333.0, 19213.0, 0.666666666667
960, 02/22/2016, 1, 0, 19546.0, 19386.0, 0.888888888889
961, 02/23/2016, 0, 0, 19557.0, 19326.0, 1.28333333333
962, 02/24/2016, 0, 0, 19375.0, 19087.0, 1.6
963, 02/25/2016, 0, 0, 19209.0, 18883.0, 1.81111111111
964, 02/26/2016, 0, 0, 19276.0, 19165.0, 0.616666666667
965, 02/29/2016, 0, 0, 19345.0, 18971.0, 2.07777777778
966, 03/01/2016, 1, 1, 19225.0, 19009.0, 1.2
967, 03/02/2016, 0, 0, 19995.0, 19698.0, 1.65
968, 03/03/2016, 0, 0, 20063.0, 19788.0, 1.52777777778
969, 03/04/2016, 0, 0, 20158.0, 19941.0, 1.20555555556
970, 03/07/2016, 0, 0, 20298.0, 20084.0, 1.18888888889
971, 03/08/2016, 0, 0, 20133.0, 19902.0, 1.28333333333
972, 03/09/2016, 0, 0, 19993.0, 19830.0, 0.905555555556
973, 03/10/2016, 0, 0, 20196.0, 19993.0, 1.12777777778
974, 03/11/2016, 0, 0, 20202.0, 19861.0, 1.89444444444
975, 03/14/2016, 1, 0, 20498.0, 20330.0, 0.933333333333
976, 03/15/2016, 0, 0, 20379.0, 20274.0, 0.583333333333
977, 03/16/2016, 1, 0, 20432.0, 20206.0, 1.25555555556
978, 03/17/2016, 0, 0, 20637.0, 20452.0, 1.02777777778
979, 03/18/2016, 0, 0, 20697.0, 20531.0, 0.922222222222
980, 03/21/2016, 0, 0, 20784.0, 20622.0, 0.9
981, 03/22/2016, 0, 0, 20775.0, 20606.0, 0.938888888889
982, 03/23/2016, 1, 0, 20688.0, 20531.0, 0.872222222222
983, 03/24/2016, 0, 0, 20507.0, 20295.0, 1.17777777778
984, 03/29/2016, 0, 0, 20426.0, 20267.0, 0.883333333333
985, 03/30/2016, 0, 0, 20718.0, 20548.0, 0.944444444444
986, 03/31/2016, 1, 0, 20891.0, 20721.0, 0.944444444444
987, 04/01/2016, 0, 0, 20835.0, 20501.0, 1.85555555556
988, 04/05/2016, 0, 0, 20389.0, 20129.0, 1.44444444444
989, 04/06/2016, 0, 0, 20233.0, 20067.0, 0.922222222222
990, 04/07/2016, 0, 0, 20368.0, 20157.0, 1.17222222222
991, 04/08/2016, 1, 1, 20259.0, 19997.0, 1.45555555556
992, 04/11/2016, 1, 1, 20581.0, 20185.0, 2.2
993, 04/12/2016, 0, 0, 20568.0, 20424.0, 0.8
994, 04/13/2016, 1, 1, 21087.0, 20718.0, 2.05
995, 04/14/2016, 0, 0, 21546.0, 21319.0, 1.26111111111
996, 04/15/2016, 0, 0, 21451.0, 21306.0, 0.805555555556
997, 04/18/2016, 1, 1, 21194.0, 21037.0, 0.872222222222
998, 04/19/2016, 1, 0, 21524.0, 21289.0, 1.30555555556
999, 04/20/2016, 1, 0, 21503.0, 21142.0, 2.00555555556
1000, 04/21/2016, 0, 0, 21664.0, 21366.0, 1.65555555556
1001, 04/22/2016, 1, 0, 21500.0, 21366.0, 0.744444444444
1002, 04/25/2016, 0, 0, 21449.0, 21346.0, 0.572222222222
1003, 04/26/2016, 1, 1, 21427.0, 21102.0, 1.80555555556
1004, 04/27/2016, 0, 0, 21450.0, 21303.0, 0.816666666667
1005, 04/28/2016, 0, 0, 21652.0, 21427.0, 1.25
1006, 04/29/2016, 0, 0, 21135.0, 20914.0, 1.22777777778
1007, 05/03/2016, 0, 0, 20987.0, 20651.0, 1.86666666667
1008, 05/04/2016, 0, 0, 20461.0, 20287.0, 0.966666666667
1009, 05/05/2016, 0, 0, 20391.0, 20215.0, 0.977777777778
1010, 05/06/2016, 0, 0, 20246.0, 19919.0, 1.81666666667
1011, 05/09/2016, 0, 0, 20207.0, 20014.0, 1.07222222222
1012, 05/10/2016, 0, 0, 20115.0, 19885.0, 1.27777777778
1013, 05/11/2016, 0, 0, 20253.0, 19908.0, 1.91666666667
1014, 05/12/2016, 0, 0, 20009.0, 19748.0, 1.45
1015, 05/13/2016, 1, 1, 19744.0, 19463.0, 1.56111111111
1016, 05/16/2016, 1, 0, 19880.0, 19550.0, 1.83333333333
1017, 05/17/2016, 0, 0, 19952.0, 19738.0, 1.18888888889
1018, 05/18/2016, 0, 0, 19822.0, 19638.0, 1.02222222222
1019, 05/19/2016, 0, 0, 19731.0, 19592.0, 0.772222222222
1020, 05/20/2016, 0, 0, 19948.0, 19591.0, 1.98333333333
1021, 05/23/2016, 1, 0, 19937.0, 19723.0, 1.18888888889
1022, 05/24/2016, 1, 1, 19799.0, 19706.0, 0.516666666667
1023, 05/25/2016, 0, 0, 20409.0, 20137.0, 1.51111111111
1024, 05/26/2016, 0, 0, 20390.0, 20253.0, 0.761111111111
1025, 05/27/2016, 0, 0, 20595.0, 20294.0, 1.67222222222
1026, 05/30/2016, 0, 0, 20733.0, 20504.0, 1.27222222222
1027, 05/31/2016, 0, 0, 20719.0, 20320.0, 2.21666666667
1028, 06/01/2016, 0, 0, 20645.0, 20444.0, 1.11666666667
1029, 06/02/2016, 0, 0, 20623.0, 20449.0, 0.966666666667
1030, 06/03/2016, 0, 0, 20835.0, 20675.0, 0.888888888889
1031, 06/06/2016, 1, 0, 20790.0, 20607.0, 1.01666666667
1032, 06/07/2016, 0, 0, 21128.0, 20946.0, 1.01111111111
1033, 06/08/2016, 1, 0, 21157.0, 21001.0, 0.866666666667
1034, 06/10/2016, 0, 0, 21109.0, 20922.0, 1.03888888889
1035, 06/13/2016, 1, 0, 20547.0, 20247.0, 1.66666666667
1036, 06/14/2016, 0, 0, 20362.0, 20200.0, 0.9
1037, 06/15/2016, 0, 0, 20319.0, 19950.0, 2.05
1038, 06/16/2016, 0, 0, 20164.0, 19809.0, 1.97222222222
1039, 06/17/2016, 0, 0, 20154.0, 19932.0, 1.23333333333
1040, 06/20/2016, 0, 0, 20416.0, 20133.0, 1.57222222222
1041, 06/21/2016, 1, 0, 20519.0, 20345.0, 0.966666666667
1042, 06/22/2016, 0, 0, 20788.0, 20440.0, 1.93333333333
1043, 06/23/2016, 1, 1, 20850.0, 20703.0, 0.816666666667
1044, 06/24/2016, 0, 0, 20999.0, 19597.0, 7.78888888889
1045, 06/27/2016, 0, 0, 20236.0, 19934.0, 1.67777777778
1046, 06/28/2016, 1, 0, 20084.0, 19810.0, 1.52222222222
1047, 06/29/2016, 0, 0, 20375.0, 20207.0, 0.933333333333
1048, 06/30/2016, 1, 1, 20854.0, 20644.0, 1.16666666667
1049, 07/04/2016, 0, 0, 21195.0, 20873.0, 1.78888888889
1050, 07/05/2016, 0, 0, 20965.0, 20782.0, 1.01666666667
1051, 07/06/2016, 1, 0, 20577.0, 20291.0, 1.58888888889
1052, 07/07/2016, 0, 0, 20744.0, 20591.0, 0.85
1053, 07/08/2016, 1, 0, 20637.0, 20457.0, 1.0
1054, 07/11/2016, 0, 0, 21035.0, 20869.0, 0.922222222222
1055, 07/12/2016, 0, 0, 21267.0, 20995.0, 1.51111111111
1056, 07/13/2016, 0, 0, 21465.0, 21308.0, 0.872222222222
1057, 07/14/2016, 0, 0, 21582.0, 21286.0, 1.64444444444
1058, 07/15/2016, 1, 1, 21773.0, 21543.0, 1.27777777778
1059, 07/18/2016, 0, 0, 21855.0, 21660.0, 1.08333333333
1060, 07/19/2016, 0, 0, 21757.0, 21647.0, 0.611111111111
1061, 07/20/2016, 0, 0, 21928.0, 21660.0, 1.48888888889
1062, 07/21/2016, 0, 0, 22138.0, 21923.0, 1.19444444444
1063, 07/22/2016, 1, 0, 21984.0, 21874.0, 0.611111111111
1064, 07/25/2016, 1, 0, 22113.0, 21914.0, 1.10555555556
1065, 07/26/2016, 0, 0, 22321.0, 21885.0, 2.42222222222
1066, 07/27/2016, 0, 0, 22286.0, 22020.0, 1.47777777778
1067, 07/28/2016, 0, 0, 22197.0, 22080.0, 0.65
1068, 07/29/2016, 0, 0, 22137.0, 21891.0, 1.36666666667
1069, 08/01/2016, 0, 0, 22245.0, 21984.0, 1.45
1070, 08/03/2016, 0, 0, 21796.0, 21700.0, 0.533333333333
1071, 08/04/2016, 0, 0, 21877.0, 21753.0, 0.688888888889
1072, 08/05/2016, 0, 0, 22144.0, 21932.0, 1.17777777778
1073, 08/08/2016, 0, 0, 22443.0, 22218.0, 1.25
1074, 08/09/2016, 0, 0, 22469.0, 22385.0, 0.466666666667
1075, 08/10/2016, 0, 0, 22600.0, 22359.0, 1.33888888889
1076, 08/11/2016, 0, 0, 22687.0, 22351.0, 1.86666666667
1077, 08/12/2016, 0, 0, 22817.0, 22699.0, 0.655555555556
1078, 08/15/2016, 0, 0, 22981.0, 22727.0, 1.41111111111
1079, 08/16/2016, 0, 0, 23056.0, 22864.0, 1.06666666667
1080, 08/17/2016, 0, 0, 23030.0, 22869.0, 0.894444444444
1081, 08/18/2016, 0, 0, 23205.0, 22963.0, 1.34444444444
1082, 08/19/2016, 0, 0, 23148.0, 22872.0, 1.53333333333
1083, 08/22/2016, 1, 1, 23018.0, 22796.0, 1.23333333333
1084, 08/23/2016, 1, 1, 22985.0, 22878.0, 0.594444444444
1085, 08/24/2016, 1, 0, 23050.0, 22710.0, 1.88888888889
1086, 08/25/2016, 0, 0, 22905.0, 22755.0, 0.833333333333
1087, 08/26/2016, 0, 0, 22996.0, 22819.0, 0.983333333333
1088, 08/29/2016, 0, 0, 22926.0, 22761.0, 0.916666666667
1089, 08/30/2016, 0, 0, 23045.0, 22909.0, 0.755555555556
1090, 08/31/2016, 1, 0, 22973.0, 22857.0, 0.644444444444
1091, 09/01/2016, 1, 0, 23129.0, 22778.0, 1.95
1092, 09/02/2016, 0, 0, 23280.0, 23104.0, 0.977777777778
1093, 09/05/2016, 0, 0, 23638.0, 23473.0, 0.916666666667
1094, 09/06/2016, 0, 0, 23718.0, 23541.0, 0.983333333333
1095, 09/07/2016, 0, 0, 23767.0, 23661.0, 0.588888888889
1096, 09/08/2016, 0, 0, 23850.0, 23662.0, 1.04444444444
1097, 09/09/2016, 0, 0, 24374.0, 23870.0, 2.8
1098, 09/12/2016, 0, 0, 23635.0, 23396.0, 1.32777777778
1099, 09/13/2016, 0, 0, 23634.0, 23335.0, 1.66111111111
1100, 09/14/2016, 1, 0, 23380.0, 23186.0, 1.07777777778
1101, 09/15/2016, 0, 0, 23393.0, 23211.0, 1.01111111111
1102, 09/19/2016, 0, 0, 23622.0, 23433.0, 1.05
1103, 09/20/2016, 0, 0, 23545.0, 23407.0, 0.766666666667
1104, 09/21/2016, 0, 0, 23721.0, 23438.0, 1.57222222222
1105, 09/22/2016, 0, 0, 24084.0, 23719.0, 2.02777777778
1106, 09/23/2016, 0, 0, 23908.0, 23723.0, 1.02777777778
1107, 09/26/2016, 0, 0, 23579.0, 23374.0, 1.13888888889
1108, 09/27/2016, 0, 0, 23666.0, 23259.0, 2.26111111111
1109, 09/28/2016, 1, 1, 23556.0, 23380.0, 0.977777777778
1110, 09/29/2016, 0, 0, 23848.0, 23680.0, 0.933333333333
1111, 09/30/2016, 0, 0, 23511.0, 23290.0, 1.22777777778
1112, 10/03/2016, 0, 0, 23732.0, 23508.0, 1.24444444444
1113, 10/04/2016, 1, 1, 23649.0, 23513.0, 0.755555555556
1114, 10/05/2016, 0, 0, 23843.0, 23533.0, 1.72222222222
1115, 10/06/2016, 0, 0, 23956.0, 23811.0, 0.805555555556
1116, 10/07/2016, 1, 0, 23920.0, 23772.0, 0.822222222222
1117, 10/11/2016, 0, 0, 24077.0, 23402.0, 3.75
1118, 10/12/2016, 1, 1, 23422.0, 23266.0, 0.866666666667
1119, 10/13/2016, 0, 0, 23415.0, 23012.0, 2.23888888889
1120, 10/14/2016, 0, 0, 23246.0, 23092.0, 0.855555555556
1121, 10/17/2016, 0, 0, 23192.0, 22953.0, 1.32777777778
1122, 10/18/2016, 0, 0, 23395.0, 23136.0, 1.43888888889
1123, 10/19/2016, 1, 0, 23431.0, 23223.0, 1.15555555556
1124, 10/20/2016, 0, 0, 23503.0, 23398.0, 0.583333333333
1125, 10/24/2016, 0, 0, 23630.0, 23243.0, 2.15
1126, 10/25/2016, 0, 0, 23625.0, 23514.0, 0.616666666667
1127, 10/26/2016, 0, 0, 23465.0, 23309.0, 0.866666666667
1128, 10/27/2016, 1, 0, 23348.0, 22990.0, 1.98888888889
1129, 10/28/2016, 0, 0, 23167.0, 23003.0, 0.911111111111
1130, 10/31/2016, 0, 0, 23054.0, 22805.0, 1.38333333333
1131, 11/01/2016, 0, 0, 23286.0, 22942.0, 1.91111111111
1132, 11/02/2016, 0, 0, 22936.0, 22779.0, 0.872222222222
1133, 11/03/2016, 0, 0, 22859.0, 22670.0, 1.05
1134, 11/04/2016, 0, 0, 22767.0, 22622.0, 0.805555555556
1135, 11/07/2016, 0, 0, 22875.0, 22653.0, 1.23333333333
1136, 11/08/2016, 1, 0, 22998.0, 22809.0, 1.05
1137, 11/09/2016, 0, 0, 23152.0, 21930.0, 6.78888888889
1138, 11/10/2016, 1, 0, 22938.0, 22797.0, 0.783333333333
1139, 11/11/2016, 0, 0, 22706.0, 22454.0, 1.4
1140, 11/14/2016, 1, 0, 22378.0, 22136.0, 1.34444444444
1141, 11/15/2016, 1, 1, 22412.0, 22243.0, 0.938888888889
1142, 11/16/2016, 0, 0, 22485.0, 22377.0, 0.6
1143, 11/17/2016, 1, 0, 22367.0, 22139.0, 1.26666666667
1144, 11/18/2016, 0, 0, 22333.0, 22150.0, 1.01666666667
1145, 11/21/2016, 0, 0, 22486.0, 22240.0, 1.36666666667
1146, 11/22/2016, 0, 0, 22733.0, 22458.0, 1.52777777778
1147, 11/23/2016, 0, 0, 22819.0, 22640.0, 0.994444444444
1148, 11/24/2016, 0, 0, 22652.0, 22493.0, 0.883333333333
1149, 11/25/2016, 0, 0, 22788.0, 22583.0, 1.13888888889
1150, 11/28/2016, 0, 0, 22978.0, 22730.0, 1.37777777778
1151, 11/29/2016, 0, 0, 22830.0, 22700.0, 0.722222222222
1152, 11/30/2016, 0, 0, 22929.0, 22781.0, 0.822222222222
1153, 12/01/2016, 0, 0, 23018.0, 22886.0, 0.733333333333
1154, 12/02/2016, 0, 0, 22766.0, 22574.0, 1.06666666667
1155, 12/05/2016, 1, 1, 22650.0, 22393.0, 1.42777777778
1156, 12/06/2016, 1, 0, 22796.0, 22669.0, 0.705555555556
1157, 12/07/2016, 0, 0, 22852.0, 22743.0, 0.605555555556
1158, 12/08/2016, 0, 0, 23146.0, 22922.0, 1.24444444444
1159, 12/09/2016, 0, 0, 22875.0, 22746.0, 0.716666666667
1160, 12/12/2016, 0, 0, 22882.0, 22430.0, 2.51111111111
1161, 12/13/2016, 1, 1, 22467.0, 22295.0, 0.955555555556
1162, 12/14/2016, 0, 0, 22648.0, 22483.0, 0.916666666667
1163, 12/15/2016, 1, 0, 22318.0, 21993.0, 1.80555555556
1164, 12/16/2016, 0, 0, 22136.0, 21981.0, 0.861111111111
1165, 12/19/2016, 0, 0, 22007.0, 21792.0, 1.19444444444
1166, 12/20/2016, 0, 0, 21875.0, 21678.0, 1.09444444444
1167, 12/21/2016, 0, 0, 21903.0, 21744.0, 0.883333333333
1168, 12/22/2016, 0, 0, 21819.0, 21603.0, 1.2
1169, 12/23/2016, 0, 0, 21592.0, 21489.0, 0.572222222222
1170, 12/28/2016, 0, 0, 21700.0, 21497.0, 1.12777777778
1171, 12/29/2016, 0, 0, 21744.0, 21556.0, 1.04444444444
1172, 12/30/2016, 0, 0, 22056.0, 21845.0, 1.17222222222
1173, 01/03/2017, 0, 0, 22188.0, 21886.0, 1.67777777778
1174, 01/04/2017, 0, 0, 22233.0, 22068.0, 0.916666666667
1175, 01/05/2017, 0, 0, 22494.0, 22241.0, 1.40555555556
1176, 01/06/2017, 1, 1, 22625.0, 22482.0, 0.794444444444
1177, 01/09/2017, 0, 0, 22637.0, 22493.0, 0.8
1178, 01/10/2017, 0, 0, 22729.0, 22559.0, 0.944444444444
1179, 01/11/2017, 0, 0, 22978.0, 22795.0, 1.01666666667
1180, 01/12/2017, 1, 0, 23012.0, 22802.0, 1.16666666667
1181, 01/13/2017, 1, 0, 22998.0, 22910.0, 0.488888888889
1182, 01/16/2017, 0, 0, 22912.0, 22685.0, 1.26111111111
1183, 01/17/2017, 0, 0, 22871.0, 22742.0, 0.716666666667
1184, 01/18/2017, 0, 0, 23187.0, 22897.0, 1.61111111111
1185, 01/19/2017, 1, 0, 23089.0, 22965.0, 0.688888888889
1186, 01/20/2017, 0, 0, 23016.0, 22879.0, 0.761111111111
1187, 01/23/2017, 0, 0, 23104.0, 22867.0, 1.31666666667
1188, 01/24/2017, 0, 0, 22998.0, 22931.0, 0.372222222222
1189, 01/25/2017, 1, 0, 23080.0, 22956.0, 0.688888888889
1190, 01/26/2017, 0, 0, 23372.0, 23167.0, 1.13888888889
1191, 02/01/2017, 1, 1, 23240.0, 23036.0, 1.13333333333
1192, 02/02/2017, 0, 0, 23404.0, 23055.0, 1.93888888889
1193, 02/03/2017, 0, 0, 23205.0, 22922.0, 1.57222222222
1194, 02/06/2017, 0, 0, 23269.0, 23095.0, 0.966666666667
1195, 02/07/2017, 0, 0, 23342.0, 23181.0, 0.894444444444
1196, 02/08/2017, 0, 0, 23473.0, 23112.0, 2.00555555556
1197, 02/09/2017, 0, 0, 23555.0, 23421.0, 0.744444444444
1198, 02/10/2017, 0, 0, 23666.0, 23548.0, 0.655555555556
1199, 02/13/2017, 0, 0, 23672.0, 23553.0, 0.661111111111
1200, 02/14/2017, 1, 1, 23675.0, 23576.0, 0.55
1201, 02/15/2017, 0, 0, 23998.0, 23720.0, 1.54444444444
1202, 02/16/2017, 0, 0, 24090.0, 23947.0, 0.794444444444
1203, 02/17/2017, 0, 0, 24078.0, 23932.0, 0.811111111111
1204, 02/20/2017, 0, 0, 24168.0, 23979.0, 1.05
1205, 02/21/2017, 0, 0, 24167.0, 23970.0, 1.09444444444
1206, 02/22/2017, 0, 0, 24122.0, 23982.0, 0.777777777778
1207, 02/23/2017, 0, 0, 24214.0, 24047.0, 0.927777777778
1208, 02/24/2017, 0, 0, 24138.0, 23985.0, 0.85
1209, 02/27/2017, 0, 0, 24057.0, 23865.0, 1.06666666667
1210, 02/28/2017, 0, 0, 24011.0, 23759.0, 1.4
1211, 03/01/2017, 1, 0, 23854.0, 23753.0, 0.561111111111
1212, 03/02/2017, 0, 0, 24087.0, 23814.0, 1.51666666667
1213, 03/03/2017, 0, 0, 23640.0, 23521.0, 0.661111111111
1214, 03/06/2017, 0, 0, 23688.0, 23576.0, 0.622222222222
1215, 03/07/2017, 0, 0, 23712.0, 23605.0, 0.594444444444
1216, 03/08/2017, 0, 0, 23796.0, 23552.0, 1.35555555556
1217, 03/09/2017, 0, 0, 23676.0, 23446.0, 1.27777777778
1218, 03/10/2017, 0, 0, 23590.0, 23433.0, 0.872222222222
1219, 03/13/2017, 0, 0, 23850.0, 23574.0, 1.53333333333
1220, 03/14/2017, 0, 0, 23905.0, 23758.0, 0.816666666667
1221, 03/15/2017, 0, 0, 23833.0, 23635.0, 1.1
1222, 03/16/2017, 1, 1, 24253.0, 23999.0, 1.41111111111
1223, 03/17/2017, 0, 0, 24411.0, 24276.0, 0.75
1224, 03/20/2017, 1, 0, 24506.0, 24316.0, 1.05555555556
1225, 03/21/2017, 0, 0, 24678.0, 24533.0, 0.805555555556
1226, 03/22/2017, 1, 0, 24395.0, 24240.0, 0.861111111111
